// Blade element data
// axialDistance, radius, azimuth, chord, chordMount, twist
(0.0    0.0000     0.0     5.3800     0.25    14.50)
(0.0    2.6430     0.0     5.3803     0.25    14.50)
(0.0    5.3798     0.0     5.3800     0.25    14.50)
(0.0    8.2027     0.0     5.4525     0.25    14.46)
(0.0   11.1030     0.0     5.6176     0.25    14.23)
(0.0   14.0710     0.0     5.7204     0.25    13.74)
(0.0   17.0950     0.0     5.7222     0.25    12.99)
(0.0   20.1640     0.0     5.6254     0.25    12.15)
(0.0   23.2650     0.0     5.4757     0.25    11.33)
(0.0   26.3840     0.0     5.3264     0.25    10.58)
(0.0   29.5080     0.0     5.1890     0.25     9.93)
(0.0   32.6230     0.0     5.0415     0.25     9.35)
(0.0   35.7160     0.0     4.8575     0.25     8.80)
(0.0   38.7730     0.0     4.6611     0.25     8.26)
(0.0   41.7820     0.0     4.4552     0.25     7.69)
(0.0   44.7320     0.0     4.2568     0.25     7.11)
(0.0   47.6110     0.0     4.0392     0.25     6.54)
(0.0   50.4100     0.0     3.8328     0.25     5.97)
(0.0   53.1200     0.0     3.6304     0.25     5.42)
(0.0   55.7340     0.0     3.4382     0.25     4.90)
(0.0   58.2470     0.0     3.2537     0.25     4.44)
(0.0   60.6530     0.0     3.0814     0.25     4.02)
(0.0   62.9500     0.0     2.9207     0.25     3.63)
(0.0   65.1350     0.0     2.7688     0.25     3.28)
(0.0   67.2080     0.0     2.6321     0.25     2.97)
(0.0   69.1670     0.0     2.4974     0.25     2.68)
(0.0   71.0160     0.0     2.3905     0.25     2.42)
(0.0   72.7550     0.0     2.2840     0.25     2.18)
(0.0   74.3860     0.0     2.1854     0.25     1.95)
(0.0   75.9130     0.0     2.0958     0.25     1.74)
(0.0   77.3400     0.0     2.0076     0.25     1.55)
(0.0   78.6710     0.0     1.9172     0.25     1.36)
(0.0   79.9080     0.0     1.8231     0.25     1.19)
(0.0   81.0590     0.0     1.7312     0.25     1.04)
(0.0   82.1250     0.0     1.6338     0.25     0.90)
(0.0   83.1130     0.0     1.5275     0.25     0.78)
(0.0   84.0260     0.0     1.4320     0.25     0.68)
(0.0   84.8700     0.0     1.2972     0.25     0.58)
(0.0   85.6490     0.0     1.1633     0.25     0.50)
(0.0   86.3660     0.0     0.6000     0.25     0.43)
