 Title= "ADflow Lift Distribution Data"
Variables = "eta" "CoordinateX" "CoordinateY" "CoordinateZ" "Lift" "Drag" "Normalized Lift" "Normalized Drag" "CL" "CD" "CLp" "CDp" "CLv" "CDv" "Ellptical" "thickness" "twist" "chord" 
Zone T= "LiftDist_01 allWalls: : y normal"
 I=          150
 DATAPACKING=BLOCK
  0.000000E+00
  0.671141E-02
  0.134228E-01
  0.201342E-01
  0.268456E-01
  0.335570E-01
  0.402685E-01
  0.469799E-01
  0.536913E-01
  0.604027E-01
  0.671141E-01
  0.738255E-01
  0.805369E-01
  0.872483E-01
  0.939597E-01
  0.100671E+00
  0.107383E+00
  0.114094E+00
  0.120805E+00
  0.127517E+00
  0.134228E+00
  0.140940E+00
  0.147651E+00
  0.154362E+00
  0.161074E+00
  0.167785E+00
  0.174497E+00
  0.181208E+00
  0.187919E+00
  0.194631E+00
  0.201342E+00
  0.208054E+00
  0.214765E+00
  0.221477E+00
  0.228188E+00
  0.234899E+00
  0.241611E+00
  0.248322E+00
  0.255034E+00
  0.261745E+00
  0.268456E+00
  0.275168E+00
  0.281879E+00
  0.288591E+00
  0.295302E+00
  0.302013E+00
  0.308725E+00
  0.315436E+00
  0.322148E+00
  0.328859E+00
  0.335570E+00
  0.342282E+00
  0.348993E+00
  0.355705E+00
  0.362416E+00
  0.369128E+00
  0.375839E+00
  0.382550E+00
  0.389262E+00
  0.395973E+00
  0.402685E+00
  0.409396E+00
  0.416107E+00
  0.422819E+00
  0.429530E+00
  0.436242E+00
  0.442953E+00
  0.449664E+00
  0.456376E+00
  0.463087E+00
  0.469799E+00
  0.476510E+00
  0.483221E+00
  0.489933E+00
  0.496644E+00
  0.503356E+00
  0.510067E+00
  0.516779E+00
  0.523490E+00
  0.530201E+00
  0.536913E+00
  0.543624E+00
  0.550336E+00
  0.557047E+00
  0.563758E+00
  0.570470E+00
  0.577181E+00
  0.583893E+00
  0.590604E+00
  0.597315E+00
  0.604027E+00
  0.610738E+00
  0.617450E+00
  0.624161E+00
  0.630872E+00
  0.637584E+00
  0.644295E+00
  0.651007E+00
  0.657718E+00
  0.664430E+00
  0.671141E+00
  0.677852E+00
  0.684564E+00
  0.691275E+00
  0.697987E+00
  0.704698E+00
  0.711409E+00
  0.718121E+00
  0.724832E+00
  0.731544E+00
  0.738255E+00
  0.744966E+00
  0.751678E+00
  0.758389E+00
  0.765101E+00
  0.771812E+00
  0.778523E+00
  0.785235E+00
  0.791946E+00
  0.798658E+00
  0.805369E+00
  0.812081E+00
  0.818792E+00
  0.825503E+00
  0.832215E+00
  0.838926E+00
  0.845638E+00
  0.852349E+00
  0.859060E+00
  0.865772E+00
  0.872483E+00
  0.879195E+00
  0.885906E+00
  0.892617E+00
  0.899329E+00
  0.906040E+00
  0.912752E+00
  0.919463E+00
  0.926174E+00
  0.932886E+00
  0.939597E+00
  0.946309E+00
  0.953020E+00
  0.959732E+00
  0.966443E+00
  0.973154E+00
  0.979866E+00
  0.986577E+00
  0.993289E+00
  0.100000E+01
  0.000000E+00
  0.000000E+00
  0.000000E+00
  0.000000E+00
  0.000000E+00
  0.000000E+00
  0.000000E+00
  0.000000E+00
  0.000000E+00
  0.000000E+00
  0.000000E+00
  0.000000E+00
  0.000000E+00
  0.000000E+00
  0.000000E+00
  0.000000E+00
  0.000000E+00
  0.000000E+00
  0.000000E+00
  0.000000E+00
  0.000000E+00
  0.000000E+00
  0.000000E+00
  0.000000E+00
  0.000000E+00
  0.000000E+00
  0.000000E+00
  0.000000E+00
  0.000000E+00
  0.000000E+00
  0.000000E+00
  0.000000E+00
  0.000000E+00
  0.000000E+00
  0.000000E+00
  0.000000E+00
  0.000000E+00
  0.000000E+00
  0.000000E+00
  0.000000E+00
  0.000000E+00
  0.000000E+00
  0.000000E+00
  0.000000E+00
  0.000000E+00
  0.000000E+00
  0.000000E+00
  0.000000E+00
  0.000000E+00
  0.000000E+00
  0.000000E+00
  0.000000E+00
  0.000000E+00
  0.000000E+00
  0.000000E+00
  0.000000E+00
  0.000000E+00
  0.000000E+00
  0.000000E+00
  0.000000E+00
  0.000000E+00
  0.000000E+00
  0.000000E+00
  0.000000E+00
  0.000000E+00
  0.000000E+00
  0.000000E+00
  0.000000E+00
  0.000000E+00
  0.000000E+00
  0.000000E+00
  0.000000E+00
  0.000000E+00
  0.000000E+00
  0.000000E+00
  0.000000E+00
  0.000000E+00
  0.000000E+00
  0.000000E+00
  0.000000E+00
  0.000000E+00
  0.000000E+00
  0.000000E+00
  0.000000E+00
  0.000000E+00
  0.000000E+00
  0.000000E+00
  0.000000E+00
  0.000000E+00
  0.000000E+00
  0.000000E+00
  0.000000E+00
  0.000000E+00
  0.000000E+00
  0.000000E+00
  0.000000E+00
  0.000000E+00
  0.000000E+00
  0.000000E+00
  0.000000E+00
  0.000000E+00
  0.000000E+00
  0.000000E+00
  0.000000E+00
  0.000000E+00
  0.000000E+00
  0.000000E+00
  0.000000E+00
  0.000000E+00
  0.000000E+00
  0.000000E+00
  0.000000E+00
  0.000000E+00
  0.000000E+00
  0.000000E+00
  0.000000E+00
  0.000000E+00
  0.000000E+00
  0.000000E+00
  0.000000E+00
  0.000000E+00
  0.000000E+00
  0.000000E+00
  0.000000E+00
  0.000000E+00
  0.000000E+00
  0.000000E+00
  0.000000E+00
  0.000000E+00
  0.000000E+00
  0.000000E+00
  0.000000E+00
  0.000000E+00
  0.000000E+00
  0.000000E+00
  0.000000E+00
  0.000000E+00
  0.000000E+00
  0.000000E+00
  0.000000E+00
  0.000000E+00
  0.000000E+00
  0.000000E+00
  0.000000E+00
  0.000000E+00
  0.000000E+00
  0.000000E+00
  0.000000E+00
  0.000000E+00
  0.000000E+00
 -0.448630E+02
 -0.439637E+02
 -0.430644E+02
 -0.421651E+02
 -0.412658E+02
 -0.403665E+02
 -0.394672E+02
 -0.385678E+02
 -0.376685E+02
 -0.367692E+02
 -0.358699E+02
 -0.349706E+02
 -0.340713E+02
 -0.331720E+02
 -0.322727E+02
 -0.313733E+02
 -0.304740E+02
 -0.295747E+02
 -0.286754E+02
 -0.277761E+02
 -0.268768E+02
 -0.259775E+02
 -0.250782E+02
 -0.241788E+02
 -0.232795E+02
 -0.223802E+02
 -0.214809E+02
 -0.205816E+02
 -0.196823E+02
 -0.187830E+02
 -0.178837E+02
 -0.169844E+02
 -0.160850E+02
 -0.151857E+02
 -0.142864E+02
 -0.133871E+02
 -0.124878E+02
 -0.115885E+02
 -0.106892E+02
 -0.978986E+01
 -0.889055E+01
 -0.799124E+01
 -0.709193E+01
 -0.619261E+01
 -0.529330E+01
 -0.439399E+01
 -0.349468E+01
 -0.259537E+01
 -0.169605E+01
 -0.796743E+00
  0.102569E+00
  0.100188E+01
  0.190119E+01
  0.280050E+01
  0.369982E+01
  0.459913E+01
  0.549844E+01
  0.639775E+01
  0.729706E+01
  0.819638E+01
  0.909569E+01
  0.999500E+01
  0.108943E+02
  0.117936E+02
  0.126929E+02
  0.135922E+02
  0.144916E+02
  0.153909E+02
  0.162902E+02
  0.171895E+02
  0.180888E+02
  0.189881E+02
  0.198874E+02
  0.207867E+02
  0.216861E+02
  0.225854E+02
  0.234847E+02
  0.243840E+02
  0.252833E+02
  0.261826E+02
  0.270819E+02
  0.279812E+02
  0.288805E+02
  0.297799E+02
  0.306792E+02
  0.315785E+02
  0.324778E+02
  0.333771E+02
  0.342764E+02
  0.351757E+02
  0.360750E+02
  0.369744E+02
  0.378737E+02
  0.387730E+02
  0.396723E+02
  0.405716E+02
  0.414709E+02
  0.423702E+02
  0.432695E+02
  0.441688E+02
  0.450682E+02
  0.459675E+02
  0.468668E+02
  0.477661E+02
  0.486654E+02
  0.495647E+02
  0.504640E+02
  0.513633E+02
  0.522627E+02
  0.531620E+02
  0.540613E+02
  0.549606E+02
  0.558599E+02
  0.567592E+02
  0.576585E+02
  0.585578E+02
  0.594571E+02
  0.603565E+02
  0.612558E+02
  0.621551E+02
  0.630544E+02
  0.639537E+02
  0.648530E+02
  0.657523E+02
  0.666516E+02
  0.675510E+02
  0.684503E+02
  0.693496E+02
  0.702489E+02
  0.711482E+02
  0.720475E+02
  0.729468E+02
  0.738461E+02
  0.747454E+02
  0.756448E+02
  0.765441E+02
  0.774434E+02
  0.783427E+02
  0.792420E+02
  0.801413E+02
  0.810406E+02
  0.819399E+02
  0.828393E+02
  0.837386E+02
  0.846379E+02
  0.855372E+02
  0.864365E+02
  0.873358E+02
  0.882351E+02
  0.891344E+02
  0.000000E+00
  0.000000E+00
  0.000000E+00
  0.000000E+00
  0.000000E+00
  0.000000E+00
  0.000000E+00
  0.000000E+00
  0.000000E+00
  0.000000E+00
  0.000000E+00
  0.000000E+00
  0.000000E+00
  0.000000E+00
  0.000000E+00
  0.000000E+00
  0.000000E+00
  0.000000E+00
  0.000000E+00
  0.000000E+00
  0.000000E+00
  0.000000E+00
  0.000000E+00
  0.000000E+00
  0.000000E+00
  0.000000E+00
  0.000000E+00
  0.000000E+00
  0.000000E+00
  0.000000E+00
  0.000000E+00
  0.000000E+00
  0.000000E+00
  0.000000E+00
  0.000000E+00
  0.000000E+00
  0.000000E+00
  0.000000E+00
  0.000000E+00
  0.000000E+00
  0.000000E+00
  0.000000E+00
  0.000000E+00
  0.000000E+00
  0.000000E+00
  0.000000E+00
  0.000000E+00
  0.000000E+00
  0.000000E+00
  0.000000E+00
  0.000000E+00
  0.000000E+00
  0.000000E+00
  0.000000E+00
  0.000000E+00
  0.000000E+00
  0.000000E+00
  0.000000E+00
  0.000000E+00
  0.000000E+00
  0.000000E+00
  0.000000E+00
  0.000000E+00
  0.000000E+00
  0.000000E+00
  0.000000E+00
  0.000000E+00
  0.000000E+00
  0.000000E+00
  0.000000E+00
  0.000000E+00
  0.000000E+00
  0.000000E+00
  0.000000E+00
  0.000000E+00
  0.000000E+00
  0.000000E+00
  0.000000E+00
  0.000000E+00
  0.000000E+00
  0.000000E+00
  0.000000E+00
  0.000000E+00
  0.000000E+00
  0.000000E+00
  0.000000E+00
  0.000000E+00
  0.000000E+00
  0.000000E+00
  0.000000E+00
  0.000000E+00
  0.000000E+00
  0.000000E+00
  0.000000E+00
  0.000000E+00
  0.000000E+00
  0.000000E+00
  0.000000E+00
  0.000000E+00
  0.000000E+00
  0.000000E+00
  0.000000E+00
  0.000000E+00
  0.000000E+00
  0.000000E+00
  0.000000E+00
  0.000000E+00
  0.000000E+00
  0.000000E+00
  0.000000E+00
  0.000000E+00
  0.000000E+00
  0.000000E+00
  0.000000E+00
  0.000000E+00
  0.000000E+00
  0.000000E+00
  0.000000E+00
  0.000000E+00
  0.000000E+00
  0.000000E+00
  0.000000E+00
  0.000000E+00
  0.000000E+00
  0.000000E+00
  0.000000E+00
  0.000000E+00
  0.000000E+00
  0.000000E+00
  0.000000E+00
  0.000000E+00
  0.000000E+00
  0.000000E+00
  0.000000E+00
  0.000000E+00
  0.000000E+00
  0.000000E+00
  0.000000E+00
  0.000000E+00
  0.000000E+00
  0.000000E+00
  0.000000E+00
  0.000000E+00
  0.000000E+00
  0.000000E+00
  0.000000E+00
  0.000000E+00
  0.000000E+00
  0.000000E+00
  0.000000E+00
 -0.988253E-03
 -0.118295E+04
 -0.800515E+03
 -0.634590E+03
 -0.500732E+03
 -0.444485E+03
 -0.384925E+03
 -0.376470E+03
 -0.336687E+03
 -0.330476E+03
 -0.332324E+03
 -0.324656E+03
 -0.319583E+03
 -0.343336E+03
 -0.583675E+03
 -0.755290E+03
 -0.770218E+03
 -0.805407E+03
 -0.867405E+03
 -0.919900E+03
 -0.972525E+03
 -0.978711E+03
 -0.983519E+03
 -0.966814E+03
 -0.950994E+03
 -0.971799E+03
 -0.948133E+03
 -0.972363E+03
 -0.104242E+04
 -0.114596E+04
 -0.123136E+04
 -0.127688E+04
 -0.141232E+04
 -0.154781E+04
 -0.156630E+04
 -0.169092E+04
 -0.178668E+04
 -0.177733E+04
 -0.162452E+04
 -0.138647E+04
 -0.120029E+04
 -0.118052E+04
 -0.113079E+04
 -0.113503E+04
 -0.113167E+04
 -0.107549E+04
 -0.146118E+04
  0.249590E+04
  0.535035E+04
  0.673523E+04
  0.612402E+04
  0.440822E+04
  0.295298E+04
  0.225653E+04
  0.160494E+04
  0.993485E+03
  0.416993E+03
  0.167880E+03
  0.194387E+03
  0.220670E+03
  0.246728E+03
  0.272559E+03
  0.298161E+03
  0.323532E+03
  0.348134E+03
  0.367406E+03
  0.386502E+03
  0.405462E+03
  0.424324E+03
  0.443125E+03
  0.461905E+03
  0.480699E+03
  0.499544E+03
  0.510045E+03
  0.499720E+03
  0.489489E+03
  0.479359E+03
  0.469334E+03
  0.459420E+03
  0.449622E+03
  0.439948E+03
  0.430404E+03
  0.420998E+03
  0.409991E+03
  0.396371E+03
  0.382915E+03
  0.369624E+03
  0.356495E+03
  0.343531E+03
  0.330729E+03
  0.318091E+03
  0.305617E+03
  0.293305E+03
  0.281156E+03
  0.278295E+03
  0.276434E+03
  0.274510E+03
  0.272524E+03
  0.270482E+03
  0.268385E+03
  0.266237E+03
  0.264043E+03
  0.261804E+03
  0.259527E+03
  0.255131E+03
  0.248257E+03
  0.241379E+03
  0.234496E+03
  0.227608E+03
  0.220716E+03
  0.213820E+03
  0.206921E+03
  0.200019E+03
  0.193115E+03
  0.184629E+03
  0.175570E+03
  0.166638E+03
  0.157834E+03
  0.149157E+03
  0.140607E+03
  0.132185E+03
  0.123891E+03
  0.116175E+03
  0.112930E+03
  0.109719E+03
  0.106543E+03
  0.103401E+03
  0.100294E+03
  0.972212E+02
  0.941834E+02
  0.927020E+02
  0.913843E+02
  0.900312E+02
  0.886427E+02
  0.872188E+02
  0.859555E+02
  0.862217E+02
  0.863706E+02
  0.864025E+02
  0.863173E+02
  0.893408E+02
  0.937747E+02
  0.976972E+02
  0.102639E+03
  0.110733E+03
  0.117419E+03
  0.127893E+03
  0.136589E+03
  0.203434E+03
  0.158804E-03
  0.991065E-04
  0.206707E+05
  0.278173E+05
  0.315496E+05
  0.337679E+05
  0.349950E+05
  0.356890E+05
  0.360150E+05
  0.360661E+05
  0.358913E+05
  0.356447E+05
  0.352657E+05
  0.348161E+05
  0.342386E+05
  0.337399E+05
  0.336513E+05
  0.334984E+05
  0.331958E+05
  0.327648E+05
  0.321855E+05
  0.315334E+05
  0.307734E+05
  0.299549E+05
  0.291673E+05
  0.283211E+05
  0.275393E+05
  0.267199E+05
  0.258675E+05
  0.250513E+05
  0.242907E+05
  0.235656E+05
  0.227760E+05
  0.219031E+05
  0.210934E+05
  0.199814E+05
  0.186281E+05
  0.172940E+05
  0.159858E+05
  0.145699E+05
  0.129658E+05
  0.112268E+05
  0.956999E+04
  0.830445E+04
  0.728160E+04
  0.652106E+04
  0.620943E+04
  0.646958E+04
  0.662829E+04
  0.606880E+04
  0.515045E+04
  0.416132E+04
  0.301243E+04
  0.252953E+04
  0.231107E+04
  0.210707E+04
  0.191262E+04
  0.172280E+04
  0.163491E+04
  0.163866E+04
  0.164234E+04
  0.164596E+04
  0.164957E+04
  0.165321E+04
  0.165690E+04
  0.168493E+04
  0.194186E+04
  0.219322E+04
  0.243962E+04
  0.268173E+04
  0.292025E+04
  0.315593E+04
  0.338956E+04
  0.362200E+04
  0.384385E+04
  0.403603E+04
  0.422195E+04
  0.440200E+04
  0.457658E+04
  0.474614E+04
  0.491113E+04
  0.507205E+04
  0.522944E+04
  0.538383E+04
  0.552936E+04
  0.566082E+04
  0.578781E+04
  0.591037E+04
  0.602855E+04
  0.614241E+04
  0.625200E+04
  0.635740E+04
  0.645866E+04
  0.655585E+04
  0.664905E+04
  0.676121E+04
  0.687169E+04
  0.697795E+04
  0.708016E+04
  0.717844E+04
  0.727297E+04
  0.736391E+04
  0.745143E+04
  0.753571E+04
  0.761693E+04
  0.772062E+04
  0.784720E+04
  0.796507E+04
  0.807427E+04
  0.817485E+04
  0.826684E+04
  0.835030E+04
  0.842529E+04
  0.849187E+04
  0.855012E+04
  0.861609E+04
  0.867840E+04
  0.872982E+04
  0.877041E+04
  0.880026E+04
  0.881948E+04
  0.882817E+04
  0.882647E+04
  0.882560E+04
  0.892214E+04
  0.900747E+04
  0.908162E+04
  0.914459E+04
  0.919639E+04
  0.923703E+04
  0.926653E+04
  0.932151E+04
  0.936933E+04
  0.940526E+04
  0.942930E+04
  0.944146E+04
  0.943984E+04
  0.941173E+04
  0.937361E+04
  0.932549E+04
  0.926737E+04
  0.913755E+04
  0.896317E+04
  0.877982E+04
  0.853034E+04
  0.811833E+04
  0.770446E+04
  0.705655E+04
  0.636036E+04
  0.515329E+04
  0.573124E-03
 -0.125652E-04
 -0.150407E+02
 -0.101782E+02
 -0.806854E+01
 -0.636659E+01
 -0.565143E+01
 -0.489415E+01
 -0.478665E+01
 -0.428083E+01
 -0.420185E+01
 -0.422535E+01
 -0.412786E+01
 -0.406336E+01
 -0.436537E+01
 -0.742117E+01
 -0.960319E+01
 -0.979299E+01
 -0.102404E+02
 -0.110287E+02
 -0.116961E+02
 -0.123652E+02
 -0.124439E+02
 -0.125050E+02
 -0.122926E+02
 -0.120915E+02
 -0.123560E+02
 -0.120551E+02
 -0.123632E+02
 -0.132539E+02
 -0.145704E+02
 -0.156562E+02
 -0.162350E+02
 -0.179570E+02
 -0.196797E+02
 -0.199148E+02
 -0.214993E+02
 -0.227169E+02
 -0.225980E+02
 -0.206551E+02
 -0.176283E+02
 -0.152612E+02
 -0.150098E+02
 -0.143775E+02
 -0.144314E+02
 -0.143887E+02
 -0.136744E+02
 -0.185783E+02
  0.317342E+02
  0.680274E+02
  0.856355E+02
  0.778643E+02
  0.560486E+02
  0.375458E+02
  0.286908E+02
  0.204061E+02
  0.126317E+02
  0.530188E+01
  0.213452E+01
  0.247154E+01
  0.280572E+01
  0.313704E+01
  0.346547E+01
  0.379099E+01
  0.411357E+01
  0.442637E+01
  0.467140E+01
  0.491421E+01
  0.515528E+01
  0.539509E+01
  0.563415E+01
  0.587292E+01
  0.611187E+01
  0.635149E+01
  0.648500E+01
  0.635372E+01
  0.622364E+01
  0.609484E+01
  0.596737E+01
  0.584132E+01
  0.571675E+01
  0.559375E+01
  0.547240E+01
  0.535280E+01
  0.521286E+01
  0.503969E+01
  0.486860E+01
  0.469960E+01
  0.453268E+01
  0.436784E+01
  0.420508E+01
  0.404439E+01
  0.388578E+01
  0.372924E+01
  0.357477E+01
  0.353840E+01
  0.351474E+01
  0.349027E+01
  0.346503E+01
  0.343906E+01
  0.341240E+01
  0.338509E+01
  0.335719E+01
  0.332873E+01
  0.329977E+01
  0.324388E+01
  0.315649E+01
  0.306903E+01
  0.298151E+01
  0.289394E+01
  0.280631E+01
  0.271863E+01
  0.263091E+01
  0.254316E+01
  0.245537E+01
  0.234748E+01
  0.223229E+01
  0.211873E+01
  0.200679E+01
  0.189647E+01
  0.178776E+01
  0.168068E+01
  0.157522E+01
  0.147712E+01
  0.143585E+01
  0.139503E+01
  0.135464E+01
  0.131470E+01
  0.127519E+01
  0.123613E+01
  0.119750E+01
  0.117867E+01
  0.116191E+01
  0.114471E+01
  0.112705E+01
  0.110895E+01
  0.109289E+01
  0.109627E+01
  0.109816E+01
  0.109857E+01
  0.109749E+01
  0.113593E+01
  0.119230E+01
  0.124218E+01
  0.130501E+01
  0.140792E+01
  0.149294E+01
  0.162610E+01
  0.173667E+01
  0.258657E+01
  0.201912E-05
  0.820266E-08
  0.171083E+01
  0.230233E+01
  0.261124E+01
  0.279484E+01
  0.289640E+01
  0.295384E+01
  0.298082E+01
  0.298505E+01
  0.297058E+01
  0.295017E+01
  0.291881E+01
  0.288159E+01
  0.283380E+01
  0.279252E+01
  0.278519E+01
  0.277253E+01
  0.274748E+01
  0.271182E+01
  0.266387E+01
  0.260990E+01
  0.254699E+01
  0.247925E+01
  0.241406E+01
  0.234403E+01
  0.227932E+01
  0.221150E+01
  0.214096E+01
  0.207340E+01
  0.201045E+01
  0.195043E+01
  0.188508E+01
  0.181284E+01
  0.174582E+01
  0.165379E+01
  0.154177E+01
  0.143136E+01
  0.132308E+01
  0.120589E+01
  0.107312E+01
  0.929199E+00
  0.792071E+00
  0.687327E+00
  0.602670E+00
  0.539723E+00
  0.513930E+00
  0.535462E+00
  0.548598E+00
  0.502291E+00
  0.426283E+00
  0.344416E+00
  0.249327E+00
  0.209359E+00
  0.191278E+00
  0.174394E+00
  0.158300E+00
  0.142590E+00
  0.135315E+00
  0.135626E+00
  0.135930E+00
  0.136230E+00
  0.136529E+00
  0.136829E+00
  0.137135E+00
  0.139455E+00
  0.160720E+00
  0.181524E+00
  0.201918E+00
  0.221956E+00
  0.241698E+00
  0.261204E+00
  0.280541E+00
  0.299779E+00
  0.318140E+00
  0.334047E+00
  0.349435E+00
  0.364336E+00
  0.378786E+00
  0.392819E+00
  0.406475E+00
  0.419794E+00
  0.432820E+00
  0.445599E+00
  0.457644E+00
  0.468524E+00
  0.479034E+00
  0.489178E+00
  0.498959E+00
  0.508383E+00
  0.517454E+00
  0.526177E+00
  0.534558E+00
  0.542602E+00
  0.550316E+00
  0.559599E+00
  0.568743E+00
  0.577538E+00
  0.585997E+00
  0.594132E+00
  0.601956E+00
  0.609482E+00
  0.616726E+00
  0.623701E+00
  0.630423E+00
  0.639005E+00
  0.649482E+00
  0.659238E+00
  0.668276E+00
  0.676600E+00
  0.684214E+00
  0.691122E+00
  0.697328E+00
  0.702839E+00
  0.707660E+00
  0.713120E+00
  0.718277E+00
  0.722533E+00
  0.725893E+00
  0.728364E+00
  0.729954E+00
  0.730673E+00
  0.730532E+00
  0.730461E+00
  0.738450E+00
  0.745513E+00
  0.751650E+00
  0.756862E+00
  0.761149E+00
  0.764513E+00
  0.766954E+00
  0.771505E+00
  0.775463E+00
  0.778437E+00
  0.780426E+00
  0.781433E+00
  0.781299E+00
  0.778972E+00
  0.775817E+00
  0.771834E+00
  0.767024E+00
  0.756279E+00
  0.741847E+00
  0.726672E+00
  0.706023E+00
  0.671923E+00
  0.637668E+00
  0.584043E+00
  0.526422E+00
  0.426518E+00
  0.474353E-07
 -0.870101E+02
 -0.870841E-01
 -0.597813E-01
 -0.482407E-01
 -0.387880E-01
 -0.351127E-01
 -0.310292E-01
 -0.309867E-01
 -0.283106E-01
 -0.284005E-01
 -0.292017E-01
 -0.291844E-01
 -0.294035E-01
 -0.323467E-01
 -0.563412E-01
 -0.747437E-01
 -0.781866E-01
 -0.839185E-01
 -0.928308E-01
 -0.101195E+00
 -0.110052E+00
 -0.114021E+00
 -0.118064E+00
 -0.119698E+00
 -0.121551E+00
 -0.128371E+00
 -0.129600E+00
 -0.137716E+00
 -0.153167E+00
 -0.174928E+00
 -0.195568E+00
 -0.211342E+00
 -0.244215E+00
 -0.280259E+00
 -0.297636E+00
 -0.338039E+00
 -0.376544E+00
 -0.396059E+00
 -0.384533E+00
 -0.349958E+00
 -0.324469E+00
 -0.343492E+00
 -0.357124E+00
 -0.393895E+00
 -0.435800E+00
 -0.465177E+00
 -0.720964E+00
  0.143120E+01
  0.364804E+01
  0.566294E+01
  0.675939E+01
  0.692973E+01
  0.623114E+01
  0.477085E+01
  0.339749E+01
  0.210295E+01
  0.880917E+00
  0.353513E+00
  0.407527E+00
  0.460601E+00
  0.512743E+00
  0.563962E+00
  0.614267E+00
  0.663662E+00
  0.711138E+00
  0.748116E+00
  0.784495E+00
  0.820357E+00
  0.855782E+00
  0.890851E+00
  0.925642E+00
  0.960230E+00
  0.994690E+00
  0.101533E+01
  0.100183E+01
  0.988300E+00
  0.974769E+00
  0.961244E+00
  0.947737E+00
  0.934260E+00
  0.920829E+00
  0.907459E+00
  0.894167E+00
  0.877595E+00
  0.855671E+00
  0.833721E+00
  0.811744E+00
  0.789740E+00
  0.767708E+00
  0.745646E+00
  0.723555E+00
  0.701434E+00
  0.679282E+00
  0.657098E+00
  0.658478E+00
  0.662528E+00
  0.666524E+00
  0.670472E+00
  0.674378E+00
  0.678247E+00
  0.682087E+00
  0.685905E+00
  0.689709E+00
  0.693510E+00
  0.692126E+00
  0.684407E+00
  0.676415E+00
  0.668136E+00
  0.659556E+00
  0.650661E+00
  0.641434E+00
  0.631859E+00
  0.621920E+00
  0.611597E+00
  0.595624E+00
  0.577094E+00
  0.558273E+00
  0.539145E+00
  0.519692E+00
  0.499894E+00
  0.479730E+00
  0.459178E+00
  0.439868E+00
  0.436508E+00
  0.433138E+00
  0.429758E+00
  0.426367E+00
  0.422966E+00
  0.419552E+00
  0.416125E+00
  0.418915E+00
  0.422503E+00
  0.426090E+00
  0.429678E+00
  0.433266E+00
  0.437800E+00
  0.450105E+00
  0.462410E+00
  0.474716E+00
  0.487021E+00
  0.519874E+00
  0.564512E+00
  0.609149E+00
  0.666012E+00
  0.756666E+00
  0.847319E+00
  0.994757E+00
  0.115834E+01
  0.201711E+01
  0.332438E+02
  0.872576E+01
  0.152169E+01
  0.207736E+01
  0.239836E+01
  0.261575E+01
  0.276448E+01
  0.287693E+01
  0.296435E+01
  0.303264E+01
  0.308444E+01
  0.313215E+01
  0.317015E+01
  0.320329E+01
  0.322572E+01
  0.325686E+01
  0.333014E+01
  0.340050E+01
  0.345880E+01
  0.350653E+01
  0.354060E+01
  0.356836E+01
  0.358513E+01
  0.359587E+01
  0.361111E+01
  0.361985E+01
  0.363784E+01
  0.365233E+01
  0.366362E+01
  0.368089E+01
  0.370792E+01
  0.374277E+01
  0.376973E+01
  0.378745E+01
  0.381935E+01
  0.379698E+01
  0.372401E+01
  0.364471E+01
  0.356225E+01
  0.344876E+01
  0.327269E+01
  0.303488E+01
  0.278454E+01
  0.262270E+01
  0.252697E+01
  0.251123E+01
  0.268574E+01
  0.319216E+01
  0.380079E+01
  0.413791E+01
  0.433047E+01
  0.459306E+01
  0.473554E+01
  0.533761E+01
  0.488616E+01
  0.446045E+01
  0.404851E+01
  0.363950E+01
  0.344272E+01
  0.343543E+01
  0.342803E+01
  0.342059E+01
  0.341319E+01
  0.340590E+01
  0.339881E+01
  0.344182E+01
  0.395404E+01
  0.445164E+01
  0.493600E+01
  0.540855E+01
  0.587081E+01
  0.632437E+01
  0.677089E+01
  0.721211E+01
  0.765186E+01
  0.809134E+01
  0.852431E+01
  0.895140E+01
  0.937331E+01
  0.979081E+01
  0.102047E+02
  0.106160E+02
  0.110257E+02
  0.114349E+02
  0.118357E+02
  0.122204E+02
  0.126018E+02
  0.129800E+02
  0.133550E+02
  0.137268E+02
  0.140955E+02
  0.144610E+02
  0.148236E+02
  0.151831E+02
  0.155397E+02
  0.159978E+02
  0.164693E+02
  0.169428E+02
  0.174188E+02
  0.178976E+02
  0.183798E+02
  0.188660E+02
  0.193566E+02
  0.198524E+02
  0.203540E+02
  0.209447E+02
  0.216335E+02
  0.223205E+02
  0.230056E+02
  0.236889E+02
  0.243703E+02
  0.250499E+02
  0.257277E+02
  0.264038E+02
  0.270783E+02
  0.277960E+02
  0.285257E+02
  0.292467E+02
  0.299589E+02
  0.306619E+02
  0.313554E+02
  0.320394E+02
  0.327136E+02
  0.334160E+02
  0.344868E+02
  0.355588E+02
  0.366323E+02
  0.377072E+02
  0.387837E+02
  0.398618E+02
  0.409418E+02
  0.421233E+02
  0.433178E+02
  0.445122E+02
  0.457067E+02
  0.469012E+02
  0.480802E+02
  0.491323E+02
  0.501843E+02
  0.512364E+02
  0.522885E+02
  0.531713E+02
  0.539571E+02
  0.547429E+02
  0.553524E+02
  0.554745E+02
  0.555967E+02
  0.548862E+02
  0.539389E+02
  0.510966E+02
  0.119977E+03
 -0.869203E+02
 -0.869003E-01
 -0.595913E-01
 -0.480123E-01
 -0.385143E-01
 -0.348448E-01
 -0.307435E-01
 -0.306927E-01
 -0.280149E-01
 -0.280782E-01
 -0.288662E-01
 -0.288501E-01
 -0.290414E-01
 -0.319481E-01
 -0.558650E-01
 -0.741892E-01
 -0.775861E-01
 -0.832678E-01
 -0.922002E-01
 -0.100603E+00
 -0.109398E+00
 -0.113281E+00
 -0.117225E+00
 -0.118803E+00
 -0.120585E+00
 -0.127270E+00
 -0.128355E+00
 -0.136308E+00
 -0.151568E+00
 -0.173117E+00
 -0.193545E+00
 -0.209101E+00
 -0.241776E+00
 -0.277740E+00
 -0.295038E+00
 -0.335267E+00
 -0.373404E+00
 -0.392539E+00
 -0.380663E+00
 -0.345710E+00
 -0.319773E+00
 -0.338316E+00
 -0.351498E+00
 -0.387804E+00
 -0.429197E+00
 -0.458052E+00
 -0.713744E+00
  0.143768E+01
  0.365297E+01
  0.566556E+01
  0.675832E+01
  0.692622E+01
  0.622523E+01
  0.476315E+01
  0.338805E+01
  0.209181E+01
  0.868121E+00
  0.339660E+00
  0.393165E+00
  0.445740E+00
  0.497394E+00
  0.548136E+00
  0.597974E+00
  0.646912E+00
  0.693984E+00
  0.730969E+00
  0.767354E+00
  0.803223E+00
  0.838655E+00
  0.873730E+00
  0.908526E+00
  0.943118E+00
  0.977580E+00
  0.998235E+00
  0.984757E+00
  0.971265E+00
  0.957770E+00
  0.944282E+00
  0.930814E+00
  0.917378E+00
  0.903989E+00
  0.890662E+00
  0.877415E+00
  0.860885E+00
  0.839002E+00
  0.817093E+00
  0.795160E+00
  0.773200E+00
  0.751214E+00
  0.729200E+00
  0.707159E+00
  0.685088E+00
  0.662988E+00
  0.640858E+00
  0.642380E+00
  0.646584E+00
  0.650735E+00
  0.654840E+00
  0.658903E+00
  0.662932E+00
  0.666933E+00
  0.670914E+00
  0.674883E+00
  0.678850E+00
  0.677674E+00
  0.670213E+00
  0.662481E+00
  0.654466E+00
  0.646153E+00
  0.637528E+00
  0.628575E+00
  0.619278E+00
  0.609620E+00
  0.599582E+00
  0.583846E+00
  0.565531E+00
  0.546928E+00
  0.528020E+00
  0.508788E+00
  0.489214E+00
  0.469277E+00
  0.448954E+00
  0.429866E+00
  0.426625E+00
  0.423374E+00
  0.420114E+00
  0.416842E+00
  0.413560E+00
  0.410265E+00
  0.406957E+00
  0.409821E+00
  0.413477E+00
  0.417134E+00
  0.420791E+00
  0.424447E+00
  0.429032E+00
  0.441242E+00
  0.453452E+00
  0.465661E+00
  0.477871E+00
  0.510539E+00
  0.554940E+00
  0.599342E+00
  0.656026E+00
  0.746661E+00
  0.837297E+00
  0.985595E+00
  0.115029E+01
  0.201199E+01
  0.332369E+02
  0.873777E+01
  0.152013E+01
  0.207518E+01
  0.239582E+01
  0.261296E+01
  0.276151E+01
  0.287381E+01
  0.296112E+01
  0.302930E+01
  0.308100E+01
  0.312862E+01
  0.316655E+01
  0.319963E+01
  0.322200E+01
  0.325293E+01
  0.332594E+01
  0.339592E+01
  0.345388E+01
  0.350128E+01
  0.353509E+01
  0.356260E+01
  0.357913E+01
  0.358964E+01
  0.360472E+01
  0.361336E+01
  0.363131E+01
  0.364575E+01
  0.365696E+01
  0.367409E+01
  0.370097E+01
  0.373562E+01
  0.376234E+01
  0.377973E+01
  0.381129E+01
  0.378862E+01
  0.371539E+01
  0.363579E+01
  0.355291E+01
  0.343900E+01
  0.326247E+01
  0.302417E+01
  0.277336E+01
  0.261080E+01
  0.251408E+01
  0.249713E+01
  0.266998E+01
  0.317385E+01
  0.378518E+01
  0.412347E+01
  0.431422E+01
  0.457182E+01
  0.470775E+01
  0.530644E+01
  0.485532E+01
  0.443003E+01
  0.401859E+01
  0.361014E+01
  0.341354E+01
  0.340611E+01
  0.339856E+01
  0.339097E+01
  0.338342E+01
  0.337598E+01
  0.336873E+01
  0.341160E+01
  0.392372E+01
  0.442120E+01
  0.490543E+01
  0.537784E+01
  0.583995E+01
  0.629335E+01
  0.673969E+01
  0.718073E+01
  0.762026E+01
  0.805941E+01
  0.849208E+01
  0.891887E+01
  0.934048E+01
  0.975768E+01
  0.101713E+02
  0.105823E+02
  0.109917E+02
  0.114006E+02
  0.118011E+02
  0.121854E+02
  0.125664E+02
  0.129442E+02
  0.133189E+02
  0.136904E+02
  0.140587E+02
  0.144240E+02
  0.147862E+02
  0.151455E+02
  0.155018E+02
  0.159592E+02
  0.164299E+02
  0.169027E+02
  0.173779E+02
  0.178559E+02
  0.183373E+02
  0.188226E+02
  0.193124E+02
  0.198074E+02
  0.203081E+02
  0.208981E+02
  0.215864E+02
  0.222729E+02
  0.229577E+02
  0.236406E+02
  0.243218E+02
  0.250012E+02
  0.256788E+02
  0.263549E+02
  0.270294E+02
  0.277470E+02
  0.284766E+02
  0.291976E+02
  0.299099E+02
  0.306131E+02
  0.313072E+02
  0.319917E+02
  0.326667E+02
  0.333698E+02
  0.344393E+02
  0.355100E+02
  0.365821E+02
  0.376557E+02
  0.387308E+02
  0.398076E+02
  0.408863E+02
  0.420665E+02
  0.432596E+02
  0.444528E+02
  0.456459E+02
  0.468390E+02
  0.480167E+02
  0.490676E+02
  0.501185E+02
  0.511693E+02
  0.522202E+02
  0.531021E+02
  0.538870E+02
  0.546720E+02
  0.552809E+02
  0.554032E+02
  0.555255E+02
  0.548163E+02
  0.538707E+02
  0.510327E+02
  0.119966E+03
 -0.898308E-01
 -0.183789E-03
 -0.190024E-03
 -0.228380E-03
 -0.273761E-03
 -0.267908E-03
 -0.285634E-03
 -0.294056E-03
 -0.295641E-03
 -0.322361E-03
 -0.335467E-03
 -0.334311E-03
 -0.362140E-03
 -0.398556E-03
 -0.476246E-03
 -0.554500E-03
 -0.600518E-03
 -0.650761E-03
 -0.630587E-03
 -0.592094E-03
 -0.654745E-03
 -0.739383E-03
 -0.839609E-03
 -0.894941E-03
 -0.965961E-03
 -0.110100E-02
 -0.124499E-02
 -0.140740E-02
 -0.159864E-02
 -0.181118E-02
 -0.202273E-02
 -0.224041E-02
 -0.243953E-02
 -0.251962E-02
 -0.259798E-02
 -0.277236E-02
 -0.313981E-02
 -0.352028E-02
 -0.387001E-02
 -0.424854E-02
 -0.469541E-02
 -0.517501E-02
 -0.562627E-02
 -0.609135E-02
 -0.660277E-02
 -0.712454E-02
 -0.721978E-02
 -0.648022E-02
 -0.492346E-02
 -0.262194E-02
  0.107059E-02
  0.351723E-02
  0.590136E-02
  0.769805E-02
  0.944112E-02
  0.111388E-01
  0.127962E-01
  0.138534E-01
  0.143623E-01
  0.148606E-01
  0.153485E-01
  0.158260E-01
  0.162932E-01
  0.167500E-01
  0.171542E-01
  0.171476E-01
  0.171408E-01
  0.171340E-01
  0.171275E-01
  0.171216E-01
  0.171164E-01
  0.171124E-01
  0.171097E-01
  0.171001E-01
  0.170686E-01
  0.170350E-01
  0.169994E-01
  0.169619E-01
  0.169227E-01
  0.168820E-01
  0.168399E-01
  0.167966E-01
  0.167524E-01
  0.167098E-01
  0.166695E-01
  0.166277E-01
  0.165846E-01
  0.165399E-01
  0.164937E-01
  0.164460E-01
  0.163968E-01
  0.163460E-01
  0.162935E-01
  0.162395E-01
  0.160973E-01
  0.159438E-01
  0.157888E-01
  0.156324E-01
  0.154745E-01
  0.153150E-01
  0.151539E-01
  0.149910E-01
  0.148265E-01
  0.146601E-01
  0.144520E-01
  0.141944E-01
  0.139338E-01
  0.136701E-01
  0.134032E-01
  0.131328E-01
  0.128589E-01
  0.125813E-01
  0.122998E-01
  0.120142E-01
  0.117781E-01
  0.115629E-01
  0.113456E-01
  0.111260E-01
  0.109041E-01
  0.106798E-01
  0.104530E-01
  0.102236E-01
  0.100022E-01
  0.988273E-02
  0.976339E-02
  0.964416E-02
  0.952506E-02
  0.940608E-02
  0.928723E-02
  0.916853E-02
  0.909402E-02
  0.902518E-02
  0.895634E-02
  0.888750E-02
  0.881865E-02
  0.876764E-02
  0.886316E-02
  0.895868E-02
  0.905420E-02
  0.914971E-02
  0.933475E-02
  0.957112E-02
  0.980750E-02
  0.998593E-02
  0.100042E-01
  0.100225E-01
  0.916235E-02
  0.805243E-02
  0.512483E-02
  0.691138E-02
 -0.120032E-01
  0.156059E-02
  0.217516E-02
  0.254217E-02
  0.279420E-02
  0.297093E-02
  0.311879E-02
  0.323550E-02
  0.333880E-02
  0.343124E-02
  0.352210E-02
  0.359511E-02
  0.366067E-02
  0.371985E-02
  0.393233E-02
  0.420717E-02
  0.458290E-02
  0.491804E-02
  0.525104E-02
  0.551392E-02
  0.576053E-02
  0.600287E-02
  0.622984E-02
  0.638584E-02
  0.648915E-02
  0.653177E-02
  0.658338E-02
  0.666342E-02
  0.680129E-02
  0.695563E-02
  0.714325E-02
  0.739093E-02
  0.771835E-02
  0.805819E-02
  0.835439E-02
  0.862052E-02
  0.892357E-02
  0.933970E-02
  0.976035E-02
  0.102141E-01
  0.107108E-01
  0.111824E-01
  0.118988E-01
  0.128900E-01
  0.141003E-01
  0.157653E-01
  0.183164E-01
  0.156168E-01
  0.144349E-01
  0.162471E-01
  0.212342E-01
  0.277940E-01
  0.311683E-01
  0.308387E-01
  0.304200E-01
  0.299217E-01
  0.293608E-01
  0.291777E-01
  0.293198E-01
  0.294667E-01
  0.296173E-01
  0.297704E-01
  0.299247E-01
  0.300788E-01
  0.302255E-01
  0.303242E-01
  0.304377E-01
  0.305652E-01
  0.307062E-01
  0.308597E-01
  0.310244E-01
  0.311990E-01
  0.313820E-01
  0.316078E-01
  0.319218E-01
  0.322308E-01
  0.325352E-01
  0.328353E-01
  0.331314E-01
  0.334239E-01
  0.337131E-01
  0.339994E-01
  0.342830E-01
  0.346117E-01
  0.350052E-01
  0.353848E-01
  0.357502E-01
  0.361013E-01
  0.364381E-01
  0.367605E-01
  0.370683E-01
  0.373615E-01
  0.376401E-01
  0.379040E-01
  0.386104E-01
  0.393754E-01
  0.401483E-01
  0.409304E-01
  0.417233E-01
  0.425286E-01
  0.433479E-01
  0.441831E-01
  0.450363E-01
  0.459095E-01
  0.466348E-01
  0.471259E-01
  0.475617E-01
  0.479397E-01
  0.482573E-01
  0.485118E-01
  0.487001E-01
  0.488194E-01
  0.488665E-01
  0.488381E-01
  0.489875E-01
  0.491276E-01
  0.491346E-01
  0.490015E-01
  0.487205E-01
  0.482836E-01
  0.476825E-01
  0.469084E-01
  0.461736E-01
  0.475125E-01
  0.488488E-01
  0.501824E-01
  0.515130E-01
  0.528406E-01
  0.541649E-01
  0.554856E-01
  0.568136E-01
  0.581428E-01
  0.594721E-01
  0.608013E-01
  0.621305E-01
  0.634469E-01
  0.646574E-01
  0.658679E-01
  0.670784E-01
  0.682889E-01
  0.692494E-01
  0.700666E-01
  0.708837E-01
  0.714594E-01
  0.713678E-01
  0.712762E-01
  0.699348E-01
  0.682379E-01
  0.638693E-01
  0.105122E-01
  0.127324E+01
  0.127321E+01
  0.127312E+01
  0.127298E+01
  0.127278E+01
  0.127252E+01
  0.127221E+01
  0.127183E+01
  0.127140E+01
  0.127091E+01
  0.127037E+01
  0.126977E+01
  0.126910E+01
  0.126838E+01
  0.126761E+01
  0.126677E+01
  0.126588E+01
  0.126493E+01
  0.126391E+01
  0.126285E+01
  0.126172E+01
  0.126053E+01
  0.125928E+01
  0.125798E+01
  0.125661E+01
  0.125519E+01
  0.125371E+01
  0.125216E+01
  0.125056E+01
  0.124889E+01
  0.124716E+01
  0.124538E+01
  0.124353E+01
  0.124162E+01
  0.123965E+01
  0.123761E+01
  0.123552E+01
  0.123336E+01
  0.123114E+01
  0.122885E+01
  0.122650E+01
  0.122409E+01
  0.122161E+01
  0.121907E+01
  0.121646E+01
  0.121378E+01
  0.121104E+01
  0.120824E+01
  0.120536E+01
  0.120242E+01
  0.119941E+01
  0.119633E+01
  0.119318E+01
  0.118997E+01
  0.118668E+01
  0.118332E+01
  0.117989E+01
  0.117639E+01
  0.117282E+01
  0.116917E+01
  0.116545E+01
  0.116165E+01
  0.115778E+01
  0.115383E+01
  0.114980E+01
  0.114570E+01
  0.114152E+01
  0.113725E+01
  0.113291E+01
  0.112849E+01
  0.112398E+01
  0.111939E+01
  0.111472E+01
  0.110996E+01
  0.110511E+01
  0.110018E+01
  0.109516E+01
  0.109004E+01
  0.108484E+01
  0.107954E+01
  0.107415E+01
  0.106867E+01
  0.106308E+01
  0.105740E+01
  0.105162E+01
  0.104574E+01
  0.103975E+01
  0.103366E+01
  0.102746E+01
  0.102115E+01
  0.101473E+01
  0.100819E+01
  0.100154E+01
  0.994777E+00
  0.987889E+00
  0.980879E+00
  0.973744E+00
  0.966480E+00
  0.959086E+00
  0.951557E+00
  0.943890E+00
  0.936083E+00
  0.928132E+00
  0.920032E+00
  0.911781E+00
  0.903373E+00
  0.894805E+00
  0.886071E+00
  0.877167E+00
  0.868088E+00
  0.858828E+00
  0.849381E+00
  0.839740E+00
  0.829900E+00
  0.819853E+00
  0.809590E+00
  0.799105E+00
  0.788387E+00
  0.777428E+00
  0.766217E+00
  0.754743E+00
  0.742993E+00
  0.730955E+00
  0.718613E+00
  0.705952E+00
  0.692955E+00
  0.679601E+00
  0.665870E+00
  0.651739E+00
  0.637179E+00
  0.622161E+00
  0.606651E+00
  0.590611E+00
  0.573995E+00
  0.556753E+00
  0.538824E+00
  0.520137E+00
  0.500608E+00
  0.480133E+00
  0.458585E+00
  0.435807E+00
  0.411593E+00
  0.385673E+00
  0.357677E+00
  0.327071E+00
  0.293040E+00
  0.254212E+00
  0.207914E+00
  0.147266E+00
  0.000000E+00
  0.144565E+00
  0.192996E-02
  0.238018E-02
  0.275920E-02
  0.310565E-02
  0.344893E-02
  0.378125E-02
  0.413367E-02
  0.451338E-02
  0.492062E-02
  0.535726E-02
  0.584406E-02
  0.637127E-02
  0.694666E-02
  0.761301E-02
  0.842980E-02
  0.931365E-02
  0.102749E-01
  0.112934E-01
  0.126670E-01
  0.141660E-01
  0.157908E-01
  0.175326E-01
  0.193602E-01
  0.213663E-01
  0.235146E-01
  0.258469E-01
  0.283753E-01
  0.296821E-01
  0.326690E-01
  0.359171E-01
  0.394407E-01
  0.432855E-01
  0.475345E-01
  0.536077E-01
  0.608677E-01
  0.689358E-01
  0.779514E-01
  0.880630E-01
  0.991799E-01
  0.107863E+00
  0.123258E+00
  0.141383E+00
  0.161066E+00
  0.182953E+00
  0.210459E+00
  0.244994E+00
  0.277145E+00
  0.326333E+00
  0.397662E+00
  0.523255E+00
  0.739432E+00
  0.984743E+00
  0.983515E+00
  0.983618E+00
  0.984238E+00
  0.986006E+00
  0.977295E+00
  0.956961E+00
  0.936805E+00
  0.916825E+00
  0.897311E+00
  0.879539E+00
  0.862514E+00
  0.844648E+00
  0.817468E+00
  0.790451E+00
  0.763598E+00
  0.736908E+00
  0.710383E+00
  0.684023E+00
  0.658157E+00
  0.638611E+00
  0.620171E+00
  0.604064E+00
  0.587718E+00
  0.571130E+00
  0.554296E+00
  0.537213E+00
  0.519875E+00
  0.502281E+00
  0.485327E+00
  0.469434E+00
  0.458329E+00
  0.451517E+00
  0.444589E+00
  0.437541E+00
  0.430371E+00
  0.423076E+00
  0.415652E+00
  0.408098E+00
  0.400409E+00
  0.392584E+00
  0.384617E+00
  0.379329E+00
  0.374240E+00
  0.369020E+00
  0.363665E+00
  0.358169E+00
  0.352527E+00
  0.346734E+00
  0.340784E+00
  0.334670E+00
  0.328386E+00
  0.322593E+00
  0.317421E+00
  0.312078E+00
  0.306556E+00
  0.300847E+00
  0.294940E+00
  0.288826E+00
  0.282493E+00
  0.275932E+00
  0.269128E+00
  0.264766E+00
  0.261422E+00
  0.257948E+00
  0.254336E+00
  0.250578E+00
  0.246665E+00
  0.243104E+00
  0.240551E+00
  0.238844E+00
  0.238584E+00
  0.238312E+00
  0.238029E+00
  0.237733E+00
  0.237424E+00
  0.237100E+00
  0.236761E+00
  0.236722E+00
  0.236722E+00
  0.236722E+00
  0.236722E+00
  0.236722E+00
  0.236722E+00
  0.236722E+00
  0.236722E+00
  0.236722E+00
  0.236722E+00
  0.236722E+00
  0.236722E+00
  0.236722E+00
  0.236722E+00
  0.236722E+00
  0.236722E+00
  0.236722E+00
  0.236722E+00
  0.241200E+00
  0.230674E+00
 -0.899087E+02
 -0.899999E+02
 -0.899985E+02
 -0.899963E+02
 -0.899933E+02
 -0.899896E+02
 -0.899855E+02
 -0.899806E+02
 -0.899754E+02
 -0.899694E+02
 -0.899625E+02
 -0.899553E+02
 -0.899468E+02
 -0.899364E+02
 -0.899255E+02
 -0.899139E+02
 -0.899001E+02
 -0.898836E+02
 -0.898661E+02
 -0.898477E+02
 -0.898275E+02
 -0.898035E+02
 -0.897766E+02
 -0.897480E+02
 -0.897175E+02
 -0.896844E+02
 -0.896476E+02
 -0.896065E+02
 -0.896615E+02
 -0.896214E+02
 -0.895780E+02
 -0.895301E+02
 -0.894782E+02
 -0.894215E+02
 -0.893591E+02
 -0.892903E+02
 -0.892069E+02
 -0.891086E+02
 -0.889955E+02
 -0.888674E+02
 -0.890992E+02
 -0.889675E+02
 -0.888163E+02
 -0.886727E+02
 -0.884975E+02
 -0.882792E+02
 -0.880485E+02
 -0.889053E+02
 -0.888233E+02
 -0.887030E+02
 -0.897493E+02
 -0.874452E+02
  0.667171E+02
  0.652022E+02
  0.636824E+02
  0.674285E+02
  0.657807E+02
  0.757947E+02
  0.758072E+02
  0.758196E+02
  0.758319E+02
  0.758441E+02
  0.758561E+02
  0.758681E+02
  0.758979E+02
  0.760987E+02
  0.762982E+02
  0.764964E+02
  0.766933E+02
  0.768891E+02
  0.770835E+02
  0.772768E+02
  0.774688E+02
  0.776667E+02
  0.778842E+02
  0.781047E+02
  0.783284E+02
  0.785553E+02
  0.787855E+02
  0.790190E+02
  0.792559E+02
  0.794964E+02
  0.797403E+02
  0.799520E+02
  0.801097E+02
  0.802700E+02
  0.804332E+02
  0.805992E+02
  0.807681E+02
  0.809400E+02
  0.811150E+02
  0.812931E+02
  0.814744E+02
  0.816591E+02
  0.818104E+02
  0.819612E+02
  0.821159E+02
  0.822748E+02
  0.824379E+02
  0.826055E+02
  0.827776E+02
  0.829546E+02
  0.831366E+02
  0.833238E+02
  0.834959E+02
  0.836487E+02
  0.838065E+02
  0.839696E+02
  0.841383E+02
  0.843128E+02
  0.844934E+02
  0.846806E+02
  0.848745E+02
  0.850757E+02
  0.852360E+02
  0.853810E+02
  0.855316E+02
  0.856881E+02
  0.858509E+02
  0.860204E+02
  0.861968E+02
  0.863808E+02
  0.865661E+02
  0.866932E+02
  0.868256E+02
  0.869639E+02
  0.871083E+02
  0.872592E+02
  0.874172E+02
  0.875827E+02
  0.877045E+02
  0.878251E+02
  0.879515E+02
  0.880839E+02
  0.882230E+02
  0.883652E+02
  0.884822E+02
  0.886051E+02
  0.887345E+02
  0.888708E+02
  0.889954E+02
  0.891170E+02
  0.892472E+02
  0.893769E+02
  0.894890E+02
  0.896137E+02
  0.897177E+02
  0.898288E+02
  0.899243E+02
 -0.899959E+02
  0.128775E-06
  0.154014E+03
  0.151822E+03
  0.149146E+03
  0.146366E+03
  0.143524E+03
  0.140649E+03
  0.137748E+03
  0.134837E+03
  0.131930E+03
  0.129028E+03
  0.126126E+03
  0.123230E+03
  0.120343E+03
  0.117456E+03
  0.114570E+03
  0.111690E+03
  0.108815E+03
  0.105940E+03
  0.103066E+03
  0.100192E+03
  0.973199E+02
  0.944485E+02
  0.915771E+02
  0.887057E+02
  0.858302E+02
  0.829462E+02
  0.800527E+02
  0.771629E+02
  0.742747E+02
  0.713867E+02
  0.685011E+02
  0.655679E+02
  0.626164E+02
  0.596650E+02
  0.567138E+02
  0.537977E+02
  0.508792E+02
  0.478987E+02
  0.449184E+02
  0.419417E+02
  0.389663E+02
  0.359000E+02
  0.326707E+02
  0.294418E+02
  0.262131E+02
  0.229786E+02
  0.197724E+02
  0.166285E+02
  0.134847E+02
  0.102721E+02
  0.721237E+01
  0.537309E+01
  0.536262E+01
  0.535590E+01
  0.535629E+01
  0.536692E+01
  0.538423E+01
  0.540805E+01
  0.543187E+01
  0.545569E+01
  0.547951E+01
  0.550333E+01
  0.552716E+01
  0.555040E+01
  0.556812E+01
  0.558590E+01
  0.560375E+01
  0.562167E+01
  0.563966E+01
  0.565771E+01
  0.567583E+01
  0.569401E+01
  0.569548E+01
  0.565543E+01
  0.561547E+01
  0.557559E+01
  0.553579E+01
  0.549608E+01
  0.545646E+01
  0.541694E+01
  0.537751E+01
  0.533817E+01
  0.529678E+01
  0.525203E+01
  0.520731E+01
  0.516264E+01
  0.511801E+01
  0.507342E+01
  0.502888E+01
  0.498439E+01
  0.493994E+01
  0.489554E+01
  0.485119E+01
  0.479177E+01
  0.473063E+01
  0.466953E+01
  0.460846E+01
  0.454743E+01
  0.448644E+01
  0.442548E+01
  0.436457E+01
  0.430370E+01
  0.424288E+01
  0.417936E+01
  0.411263E+01
  0.404592E+01
  0.397925E+01
  0.391262E+01
  0.384601E+01
  0.377945E+01
  0.371292E+01
  0.364644E+01
  0.357999E+01
  0.351446E+01
  0.344933E+01
  0.338422E+01
  0.331914E+01
  0.325408E+01
  0.318905E+01
  0.312405E+01
  0.305908E+01
  0.299448E+01
  0.293324E+01
  0.287201E+01
  0.281081E+01
  0.274961E+01
  0.268844E+01
  0.262728E+01
  0.256615E+01
  0.250897E+01
  0.245230E+01
  0.239565E+01
  0.233900E+01
  0.228237E+01
  0.222602E+01
  0.217187E+01
  0.211773E+01
  0.206359E+01
  0.200947E+01
  0.194842E+01
  0.188341E+01
  0.181840E+01
  0.174728E+01
  0.165922E+01
  0.157117E+01
  0.145767E+01
  0.133694E+01
  0.114347E+01
  0.541605E-07
