 Title= "ADflow Lift Distribution Data"
Variables = "eta" "CoordinateX" "CoordinateY" "CoordinateZ" "Lift" "Drag" "Normalized Lift" "Normalized Drag" "CL" "CD" "CLp" "CDp" "CLv" "CDv" "Ellptical" "thickness" "twist" "chord" 
Zone T= "LiftDist_01 allWalls: : y normal"
 I=          150
 DATAPACKING=BLOCK
  0.000000E+00
  0.671141E-02
  0.134228E-01
  0.201342E-01
  0.268456E-01
  0.335570E-01
  0.402685E-01
  0.469799E-01
  0.536913E-01
  0.604027E-01
  0.671141E-01
  0.738255E-01
  0.805369E-01
  0.872483E-01
  0.939597E-01
  0.100671E+00
  0.107383E+00
  0.114094E+00
  0.120805E+00
  0.127517E+00
  0.134228E+00
  0.140940E+00
  0.147651E+00
  0.154362E+00
  0.161074E+00
  0.167785E+00
  0.174497E+00
  0.181208E+00
  0.187919E+00
  0.194631E+00
  0.201342E+00
  0.208054E+00
  0.214765E+00
  0.221477E+00
  0.228188E+00
  0.234899E+00
  0.241611E+00
  0.248322E+00
  0.255034E+00
  0.261745E+00
  0.268456E+00
  0.275168E+00
  0.281879E+00
  0.288591E+00
  0.295302E+00
  0.302013E+00
  0.308725E+00
  0.315436E+00
  0.322148E+00
  0.328859E+00
  0.335570E+00
  0.342282E+00
  0.348993E+00
  0.355705E+00
  0.362416E+00
  0.369128E+00
  0.375839E+00
  0.382550E+00
  0.389262E+00
  0.395973E+00
  0.402685E+00
  0.409396E+00
  0.416107E+00
  0.422819E+00
  0.429530E+00
  0.436242E+00
  0.442953E+00
  0.449664E+00
  0.456376E+00
  0.463087E+00
  0.469799E+00
  0.476510E+00
  0.483221E+00
  0.489933E+00
  0.496644E+00
  0.503356E+00
  0.510067E+00
  0.516779E+00
  0.523490E+00
  0.530201E+00
  0.536913E+00
  0.543624E+00
  0.550336E+00
  0.557047E+00
  0.563758E+00
  0.570470E+00
  0.577181E+00
  0.583893E+00
  0.590604E+00
  0.597315E+00
  0.604027E+00
  0.610738E+00
  0.617450E+00
  0.624161E+00
  0.630872E+00
  0.637584E+00
  0.644295E+00
  0.651007E+00
  0.657718E+00
  0.664430E+00
  0.671141E+00
  0.677852E+00
  0.684564E+00
  0.691275E+00
  0.697987E+00
  0.704698E+00
  0.711409E+00
  0.718121E+00
  0.724832E+00
  0.731544E+00
  0.738255E+00
  0.744966E+00
  0.751678E+00
  0.758389E+00
  0.765101E+00
  0.771812E+00
  0.778523E+00
  0.785235E+00
  0.791946E+00
  0.798658E+00
  0.805369E+00
  0.812081E+00
  0.818792E+00
  0.825503E+00
  0.832215E+00
  0.838926E+00
  0.845638E+00
  0.852349E+00
  0.859060E+00
  0.865772E+00
  0.872483E+00
  0.879195E+00
  0.885906E+00
  0.892617E+00
  0.899329E+00
  0.906040E+00
  0.912752E+00
  0.919463E+00
  0.926174E+00
  0.932886E+00
  0.939597E+00
  0.946309E+00
  0.953020E+00
  0.959732E+00
  0.966443E+00
  0.973154E+00
  0.979866E+00
  0.986577E+00
  0.993289E+00
  0.100000E+01
  0.000000E+00
  0.000000E+00
  0.000000E+00
  0.000000E+00
  0.000000E+00
  0.000000E+00
  0.000000E+00
  0.000000E+00
  0.000000E+00
  0.000000E+00
  0.000000E+00
  0.000000E+00
  0.000000E+00
  0.000000E+00
  0.000000E+00
  0.000000E+00
  0.000000E+00
  0.000000E+00
  0.000000E+00
  0.000000E+00
  0.000000E+00
  0.000000E+00
  0.000000E+00
  0.000000E+00
  0.000000E+00
  0.000000E+00
  0.000000E+00
  0.000000E+00
  0.000000E+00
  0.000000E+00
  0.000000E+00
  0.000000E+00
  0.000000E+00
  0.000000E+00
  0.000000E+00
  0.000000E+00
  0.000000E+00
  0.000000E+00
  0.000000E+00
  0.000000E+00
  0.000000E+00
  0.000000E+00
  0.000000E+00
  0.000000E+00
  0.000000E+00
  0.000000E+00
  0.000000E+00
  0.000000E+00
  0.000000E+00
  0.000000E+00
  0.000000E+00
  0.000000E+00
  0.000000E+00
  0.000000E+00
  0.000000E+00
  0.000000E+00
  0.000000E+00
  0.000000E+00
  0.000000E+00
  0.000000E+00
  0.000000E+00
  0.000000E+00
  0.000000E+00
  0.000000E+00
  0.000000E+00
  0.000000E+00
  0.000000E+00
  0.000000E+00
  0.000000E+00
  0.000000E+00
  0.000000E+00
  0.000000E+00
  0.000000E+00
  0.000000E+00
  0.000000E+00
  0.000000E+00
  0.000000E+00
  0.000000E+00
  0.000000E+00
  0.000000E+00
  0.000000E+00
  0.000000E+00
  0.000000E+00
  0.000000E+00
  0.000000E+00
  0.000000E+00
  0.000000E+00
  0.000000E+00
  0.000000E+00
  0.000000E+00
  0.000000E+00
  0.000000E+00
  0.000000E+00
  0.000000E+00
  0.000000E+00
  0.000000E+00
  0.000000E+00
  0.000000E+00
  0.000000E+00
  0.000000E+00
  0.000000E+00
  0.000000E+00
  0.000000E+00
  0.000000E+00
  0.000000E+00
  0.000000E+00
  0.000000E+00
  0.000000E+00
  0.000000E+00
  0.000000E+00
  0.000000E+00
  0.000000E+00
  0.000000E+00
  0.000000E+00
  0.000000E+00
  0.000000E+00
  0.000000E+00
  0.000000E+00
  0.000000E+00
  0.000000E+00
  0.000000E+00
  0.000000E+00
  0.000000E+00
  0.000000E+00
  0.000000E+00
  0.000000E+00
  0.000000E+00
  0.000000E+00
  0.000000E+00
  0.000000E+00
  0.000000E+00
  0.000000E+00
  0.000000E+00
  0.000000E+00
  0.000000E+00
  0.000000E+00
  0.000000E+00
  0.000000E+00
  0.000000E+00
  0.000000E+00
  0.000000E+00
  0.000000E+00
  0.000000E+00
  0.000000E+00
  0.000000E+00
  0.000000E+00
  0.000000E+00
  0.000000E+00
  0.000000E+00
  0.000000E+00
 -0.448630E+02
 -0.439637E+02
 -0.430644E+02
 -0.421651E+02
 -0.412658E+02
 -0.403665E+02
 -0.394672E+02
 -0.385678E+02
 -0.376685E+02
 -0.367692E+02
 -0.358699E+02
 -0.349706E+02
 -0.340713E+02
 -0.331720E+02
 -0.322727E+02
 -0.313733E+02
 -0.304740E+02
 -0.295747E+02
 -0.286754E+02
 -0.277761E+02
 -0.268768E+02
 -0.259775E+02
 -0.250782E+02
 -0.241788E+02
 -0.232795E+02
 -0.223802E+02
 -0.214809E+02
 -0.205816E+02
 -0.196823E+02
 -0.187830E+02
 -0.178837E+02
 -0.169844E+02
 -0.160850E+02
 -0.151857E+02
 -0.142864E+02
 -0.133871E+02
 -0.124878E+02
 -0.115885E+02
 -0.106892E+02
 -0.978986E+01
 -0.889055E+01
 -0.799124E+01
 -0.709193E+01
 -0.619261E+01
 -0.529330E+01
 -0.439399E+01
 -0.349468E+01
 -0.259537E+01
 -0.169605E+01
 -0.796743E+00
  0.102569E+00
  0.100188E+01
  0.190119E+01
  0.280050E+01
  0.369982E+01
  0.459913E+01
  0.549844E+01
  0.639775E+01
  0.729706E+01
  0.819638E+01
  0.909569E+01
  0.999500E+01
  0.108943E+02
  0.117936E+02
  0.126929E+02
  0.135922E+02
  0.144916E+02
  0.153909E+02
  0.162902E+02
  0.171895E+02
  0.180888E+02
  0.189881E+02
  0.198874E+02
  0.207867E+02
  0.216861E+02
  0.225854E+02
  0.234847E+02
  0.243840E+02
  0.252833E+02
  0.261826E+02
  0.270819E+02
  0.279812E+02
  0.288805E+02
  0.297799E+02
  0.306792E+02
  0.315785E+02
  0.324778E+02
  0.333771E+02
  0.342764E+02
  0.351757E+02
  0.360750E+02
  0.369744E+02
  0.378737E+02
  0.387730E+02
  0.396723E+02
  0.405716E+02
  0.414709E+02
  0.423702E+02
  0.432695E+02
  0.441688E+02
  0.450682E+02
  0.459675E+02
  0.468668E+02
  0.477661E+02
  0.486654E+02
  0.495647E+02
  0.504640E+02
  0.513633E+02
  0.522627E+02
  0.531620E+02
  0.540613E+02
  0.549606E+02
  0.558599E+02
  0.567592E+02
  0.576585E+02
  0.585578E+02
  0.594571E+02
  0.603565E+02
  0.612558E+02
  0.621551E+02
  0.630544E+02
  0.639537E+02
  0.648530E+02
  0.657523E+02
  0.666516E+02
  0.675510E+02
  0.684503E+02
  0.693496E+02
  0.702489E+02
  0.711482E+02
  0.720475E+02
  0.729468E+02
  0.738461E+02
  0.747454E+02
  0.756448E+02
  0.765441E+02
  0.774434E+02
  0.783427E+02
  0.792420E+02
  0.801413E+02
  0.810406E+02
  0.819399E+02
  0.828393E+02
  0.837386E+02
  0.846379E+02
  0.855372E+02
  0.864365E+02
  0.873358E+02
  0.882351E+02
  0.891344E+02
  0.000000E+00
  0.000000E+00
  0.000000E+00
  0.000000E+00
  0.000000E+00
  0.000000E+00
  0.000000E+00
  0.000000E+00
  0.000000E+00
  0.000000E+00
  0.000000E+00
  0.000000E+00
  0.000000E+00
  0.000000E+00
  0.000000E+00
  0.000000E+00
  0.000000E+00
  0.000000E+00
  0.000000E+00
  0.000000E+00
  0.000000E+00
  0.000000E+00
  0.000000E+00
  0.000000E+00
  0.000000E+00
  0.000000E+00
  0.000000E+00
  0.000000E+00
  0.000000E+00
  0.000000E+00
  0.000000E+00
  0.000000E+00
  0.000000E+00
  0.000000E+00
  0.000000E+00
  0.000000E+00
  0.000000E+00
  0.000000E+00
  0.000000E+00
  0.000000E+00
  0.000000E+00
  0.000000E+00
  0.000000E+00
  0.000000E+00
  0.000000E+00
  0.000000E+00
  0.000000E+00
  0.000000E+00
  0.000000E+00
  0.000000E+00
  0.000000E+00
  0.000000E+00
  0.000000E+00
  0.000000E+00
  0.000000E+00
  0.000000E+00
  0.000000E+00
  0.000000E+00
  0.000000E+00
  0.000000E+00
  0.000000E+00
  0.000000E+00
  0.000000E+00
  0.000000E+00
  0.000000E+00
  0.000000E+00
  0.000000E+00
  0.000000E+00
  0.000000E+00
  0.000000E+00
  0.000000E+00
  0.000000E+00
  0.000000E+00
  0.000000E+00
  0.000000E+00
  0.000000E+00
  0.000000E+00
  0.000000E+00
  0.000000E+00
  0.000000E+00
  0.000000E+00
  0.000000E+00
  0.000000E+00
  0.000000E+00
  0.000000E+00
  0.000000E+00
  0.000000E+00
  0.000000E+00
  0.000000E+00
  0.000000E+00
  0.000000E+00
  0.000000E+00
  0.000000E+00
  0.000000E+00
  0.000000E+00
  0.000000E+00
  0.000000E+00
  0.000000E+00
  0.000000E+00
  0.000000E+00
  0.000000E+00
  0.000000E+00
  0.000000E+00
  0.000000E+00
  0.000000E+00
  0.000000E+00
  0.000000E+00
  0.000000E+00
  0.000000E+00
  0.000000E+00
  0.000000E+00
  0.000000E+00
  0.000000E+00
  0.000000E+00
  0.000000E+00
  0.000000E+00
  0.000000E+00
  0.000000E+00
  0.000000E+00
  0.000000E+00
  0.000000E+00
  0.000000E+00
  0.000000E+00
  0.000000E+00
  0.000000E+00
  0.000000E+00
  0.000000E+00
  0.000000E+00
  0.000000E+00
  0.000000E+00
  0.000000E+00
  0.000000E+00
  0.000000E+00
  0.000000E+00
  0.000000E+00
  0.000000E+00
  0.000000E+00
  0.000000E+00
  0.000000E+00
  0.000000E+00
  0.000000E+00
  0.000000E+00
  0.000000E+00
  0.000000E+00
  0.000000E+00
  0.000000E+00
  0.000000E+00
  0.000000E+00
  0.000000E+00
  0.000000E+00
 -0.578200E-03
 -0.533666E+03
 -0.348730E+03
 -0.282179E+03
 -0.232138E+03
 -0.209165E+03
 -0.188750E+03
 -0.187946E+03
 -0.174129E+03
 -0.175746E+03
 -0.185901E+03
 -0.197419E+03
 -0.205070E+03
 -0.229391E+03
 -0.334721E+03
 -0.419248E+03
 -0.449178E+03
 -0.490253E+03
 -0.530191E+03
 -0.562552E+03
 -0.603030E+03
 -0.624403E+03
 -0.637466E+03
 -0.640446E+03
 -0.641594E+03
 -0.654195E+03
 -0.645968E+03
 -0.663356E+03
 -0.709368E+03
 -0.776685E+03
 -0.833079E+03
 -0.869956E+03
 -0.952751E+03
 -0.104597E+04
 -0.109054E+04
 -0.118530E+04
 -0.124506E+04
 -0.123788E+04
 -0.116946E+04
 -0.106342E+04
 -0.975287E+03
 -0.950874E+03
 -0.894038E+03
 -0.881302E+03
 -0.861141E+03
 -0.792873E+03
 -0.965471E+03
  0.169392E+04
  0.369165E+04
  0.465721E+04
  0.422069E+04
  0.298142E+04
  0.198712E+04
  0.152548E+04
  0.109101E+04
  0.680498E+03
  0.290507E+03
  0.120660E+03
  0.138111E+03
  0.155407E+03
  0.172546E+03
  0.189527E+03
  0.206349E+03
  0.223009E+03
  0.238939E+03
  0.249305E+03
  0.259578E+03
  0.269778E+03
  0.279926E+03
  0.290042E+03
  0.300146E+03
  0.310258E+03
  0.320397E+03
  0.325225E+03
  0.316842E+03
  0.308553E+03
  0.300360E+03
  0.292263E+03
  0.284263E+03
  0.276362E+03
  0.268560E+03
  0.260860E+03
  0.253263E+03
  0.244916E+03
  0.235336E+03
  0.225888E+03
  0.216574E+03
  0.207392E+03
  0.198341E+03
  0.189422E+03
  0.180634E+03
  0.171977E+03
  0.163449E+03
  0.155050E+03
  0.152859E+03
  0.151346E+03
  0.149801E+03
  0.148225E+03
  0.146619E+03
  0.144984E+03
  0.143322E+03
  0.141633E+03
  0.139919E+03
  0.138181E+03
  0.135394E+03
  0.131402E+03
  0.127433E+03
  0.123488E+03
  0.119567E+03
  0.115670E+03
  0.111796E+03
  0.107946E+03
  0.104121E+03
  0.100319E+03
  0.955487E+02
  0.904409E+02
  0.854350E+02
  0.805308E+02
  0.757282E+02
  0.710268E+02
  0.664266E+02
  0.619275E+02
  0.577329E+02
  0.555954E+02
  0.534968E+02
  0.514373E+02
  0.494169E+02
  0.474355E+02
  0.454931E+02
  0.435898E+02
  0.426556E+02
  0.418367E+02
  0.410114E+02
  0.401796E+02
  0.393413E+02
  0.385825E+02
  0.385023E+02
  0.383795E+02
  0.382141E+02
  0.380061E+02
  0.391457E+02
  0.409021E+02
  0.424472E+02
  0.444433E+02
  0.478152E+02
  0.505918E+02
  0.553493E+02
  0.593885E+02
  0.898874E+02
  0.742338E-04
  0.564106E-04
  0.691000E+04
  0.920708E+04
  0.104521E+05
  0.112167E+05
  0.116482E+05
  0.118947E+05
  0.120149E+05
  0.120329E+05
  0.119672E+05
  0.118842E+05
  0.117678E+05
  0.116396E+05
  0.114739E+05
  0.113354E+05
  0.113312E+05
  0.113110E+05
  0.112510E+05
  0.111487E+05
  0.109998E+05
  0.108225E+05
  0.106115E+05
  0.103883E+05
  0.101829E+05
  0.997136E+04
  0.978991E+04
  0.959595E+04
  0.939536E+04
  0.920878E+04
  0.903858E+04
  0.887932E+04
  0.868924E+04
  0.847069E+04
  0.826635E+04
  0.794369E+04
  0.752506E+04
  0.708875E+04
  0.665033E+04
  0.614421E+04
  0.555022E+04
  0.489175E+04
  0.426121E+04
  0.378167E+04
  0.338075E+04
  0.307978E+04
  0.296036E+04
  0.310580E+04
  0.320000E+04
  0.293168E+04
  0.249707E+04
  0.205391E+04
  0.150858E+04
  0.125122E+04
  0.113275E+04
  0.102662E+04
  0.929872E+03
  0.839521E+03
  0.792528E+03
  0.782136E+03
  0.771799E+03
  0.761530E+03
  0.751340E+03
  0.741244E+03
  0.731256E+03
  0.732029E+03
  0.833395E+03
  0.932373E+03
  0.102920E+04
  0.112411E+04
  0.121737E+04
  0.130927E+04
  0.140011E+04
  0.149022E+04
  0.157275E+04
  0.163574E+04
  0.169636E+04
  0.175473E+04
  0.181099E+04
  0.186529E+04
  0.191778E+04
  0.196863E+04
  0.201802E+04
  0.206613E+04
  0.210905E+04
  0.214413E+04
  0.217784E+04
  0.221017E+04
  0.224114E+04
  0.227078E+04
  0.229910E+04
  0.232611E+04
  0.235184E+04
  0.237631E+04
  0.239953E+04
  0.242656E+04
  0.245288E+04
  0.247797E+04
  0.250185E+04
  0.252460E+04
  0.254624E+04
  0.256684E+04
  0.258646E+04
  0.260514E+04
  0.262295E+04
  0.265078E+04
  0.268906E+04
  0.272439E+04
  0.275679E+04
  0.278625E+04
  0.281279E+04
  0.283641E+04
  0.285714E+04
  0.287498E+04
  0.288996E+04
  0.290707E+04
  0.292307E+04
  0.293577E+04
  0.294517E+04
  0.295130E+04
  0.295419E+04
  0.295388E+04
  0.295041E+04
  0.294744E+04
  0.297644E+04
  0.300184E+04
  0.302362E+04
  0.304180E+04
  0.305636E+04
  0.306733E+04
  0.307470E+04
  0.309426E+04
  0.311184E+04
  0.312539E+04
  0.313492E+04
  0.314043E+04
  0.314099E+04
  0.313035E+04
  0.311645E+04
  0.309929E+04
  0.307886E+04
  0.303337E+04
  0.297252E+04
  0.290889E+04
  0.282307E+04
  0.268243E+04
  0.254163E+04
  0.233291E+04
  0.210971E+04
  0.172724E+04
  0.246004E-03
 -0.130460E-04
 -0.120412E+02
 -0.786844E+01
 -0.636684E+01
 -0.523777E+01
 -0.471943E+01
 -0.425879E+01
 -0.424065E+01
 -0.392889E+01
 -0.396538E+01
 -0.419452E+01
 -0.445440E+01
 -0.462701E+01
 -0.517579E+01
 -0.755236E+01
 -0.945954E+01
 -0.101349E+02
 -0.110617E+02
 -0.119628E+02
 -0.126929E+02
 -0.136062E+02
 -0.140885E+02
 -0.143832E+02
 -0.144505E+02
 -0.144764E+02
 -0.147607E+02
 -0.145751E+02
 -0.149674E+02
 -0.160056E+02
 -0.175244E+02
 -0.187969E+02
 -0.196289E+02
 -0.214970E+02
 -0.236005E+02
 -0.246060E+02
 -0.267440E+02
 -0.280924E+02
 -0.279305E+02
 -0.263867E+02
 -0.239940E+02
 -0.220055E+02
 -0.214547E+02
 -0.201723E+02
 -0.198849E+02
 -0.194300E+02
 -0.178897E+02
 -0.217841E+02
  0.382201E+02
  0.832952E+02
  0.105081E+03
  0.952321E+02
  0.672701E+02
  0.448356E+02
  0.344197E+02
  0.246165E+02
  0.153542E+02
  0.655475E+01
  0.272248E+01
  0.311622E+01
  0.350646E+01
  0.389317E+01
  0.427632E+01
  0.465588E+01
  0.503179E+01
  0.539121E+01
  0.562510E+01
  0.585689E+01
  0.608705E+01
  0.631602E+01
  0.654427E+01
  0.677224E+01
  0.700039E+01
  0.722916E+01
  0.733810E+01
  0.714895E+01
  0.696193E+01
  0.677706E+01
  0.659437E+01
  0.641387E+01
  0.623559E+01
  0.605957E+01
  0.588583E+01
  0.571442E+01
  0.552608E+01
  0.530992E+01
  0.509675E+01
  0.488659E+01
  0.467941E+01
  0.447520E+01
  0.427396E+01
  0.407568E+01
  0.388034E+01
  0.368792E+01
  0.349842E+01
  0.344898E+01
  0.341484E+01
  0.337997E+01
  0.334441E+01
  0.330817E+01
  0.327129E+01
  0.323378E+01
  0.319568E+01
  0.315701E+01
  0.311780E+01
  0.305491E+01
  0.296483E+01
  0.287529E+01
  0.278628E+01
  0.269781E+01
  0.260987E+01
  0.252247E+01
  0.243561E+01
  0.234929E+01
  0.226351E+01
  0.215588E+01
  0.204063E+01
  0.192768E+01
  0.181703E+01
  0.170866E+01
  0.160259E+01
  0.149879E+01
  0.139728E+01
  0.130264E+01
  0.125441E+01
  0.120706E+01
  0.116059E+01
  0.111500E+01
  0.107029E+01
  0.102647E+01
  0.983523E+00
  0.962443E+00
  0.943968E+00
  0.925346E+00
  0.906578E+00
  0.887664E+00
  0.870541E+00
  0.868733E+00
  0.865962E+00
  0.862230E+00
  0.857538E+00
  0.883251E+00
  0.922880E+00
  0.957743E+00
  0.100278E+01
  0.107886E+01
  0.114151E+01
  0.124885E+01
  0.133999E+01
  0.202814E+01
  0.167495E-05
  0.130851E-07
  0.160285E+01
  0.213569E+01
  0.242448E+01
  0.260183E+01
  0.270192E+01
  0.275910E+01
  0.278698E+01
  0.279115E+01
  0.277593E+01
  0.275667E+01
  0.272967E+01
  0.269994E+01
  0.266150E+01
  0.262937E+01
  0.262841E+01
  0.262371E+01
  0.260980E+01
  0.258607E+01
  0.255152E+01
  0.251040E+01
  0.246145E+01
  0.240968E+01
  0.236204E+01
  0.231297E+01
  0.227088E+01
  0.222589E+01
  0.217936E+01
  0.213608E+01
  0.209660E+01
  0.205966E+01
  0.201557E+01
  0.196487E+01
  0.191747E+01
  0.184263E+01
  0.174552E+01
  0.164431E+01
  0.154262E+01
  0.142522E+01
  0.128744E+01
  0.113470E+01
  0.988435E+00
  0.877199E+00
  0.784202E+00
  0.714388E+00
  0.686689E+00
  0.720425E+00
  0.742276E+00
  0.680037E+00
  0.579222E+00
  0.476427E+00
  0.349931E+00
  0.290234E+00
  0.262753E+00
  0.238137E+00
  0.215694E+00
  0.194736E+00
  0.183836E+00
  0.181425E+00
  0.179027E+00
  0.176645E+00
  0.174282E+00
  0.171940E+00
  0.169623E+00
  0.169802E+00
  0.193315E+00
  0.216274E+00
  0.238733E+00
  0.260749E+00
  0.282383E+00
  0.303701E+00
  0.324772E+00
  0.345673E+00
  0.364816E+00
  0.379428E+00
  0.393489E+00
  0.407029E+00
  0.420080E+00
  0.432675E+00
  0.444851E+00
  0.456646E+00
  0.468102E+00
  0.479263E+00
  0.489217E+00
  0.497356E+00
  0.505173E+00
  0.512673E+00
  0.519858E+00
  0.526733E+00
  0.533301E+00
  0.539568E+00
  0.545536E+00
  0.551211E+00
  0.556598E+00
  0.562867E+00
  0.568973E+00
  0.574792E+00
  0.580333E+00
  0.585608E+00
  0.590629E+00
  0.595408E+00
  0.599958E+00
  0.604292E+00
  0.608423E+00
  0.614877E+00
  0.623757E+00
  0.631953E+00
  0.639468E+00
  0.646302E+00
  0.652457E+00
  0.657938E+00
  0.662746E+00
  0.666884E+00
  0.670358E+00
  0.674327E+00
  0.678039E+00
  0.680983E+00
  0.683164E+00
  0.684587E+00
  0.685258E+00
  0.685186E+00
  0.684380E+00
  0.683691E+00
  0.690419E+00
  0.696310E+00
  0.701362E+00
  0.705578E+00
  0.708958E+00
  0.711501E+00
  0.713211E+00
  0.717748E+00
  0.721826E+00
  0.724970E+00
  0.727180E+00
  0.728457E+00
  0.728587E+00
  0.726120E+00
  0.722896E+00
  0.718914E+00
  0.714176E+00
  0.703624E+00
  0.689508E+00
  0.674749E+00
  0.654842E+00
  0.622220E+00
  0.589560E+00
  0.541144E+00
  0.489371E+00
  0.400653E+00
  0.570633E-07
 -0.203629E+03
 -0.157145E+00
 -0.104171E+00
 -0.858035E-01
 -0.719282E-01
 -0.660933E-01
 -0.608613E-01
 -0.618784E-01
 -0.585669E-01
 -0.604133E-01
 -0.653416E-01
 -0.709867E-01
 -0.754704E-01
 -0.864465E-01
 -0.129240E+00
 -0.165955E+00
 -0.182388E+00
 -0.204326E+00
 -0.226967E+00
 -0.247537E+00
 -0.272959E+00
 -0.290974E+00
 -0.306093E+00
 -0.317167E+00
 -0.328020E+00
 -0.345668E+00
 -0.353188E+00
 -0.375804E+00
 -0.416921E+00
 -0.474237E+00
 -0.529250E+00
 -0.575958E+00
 -0.658991E+00
 -0.757573E+00
 -0.828921E+00
 -0.947831E+00
 -0.104958E+01
 -0.110339E+01
 -0.110727E+01
 -0.107367E+01
 -0.105458E+01
 -0.110669E+01
 -0.112941E+01
 -0.122337E+01
 -0.132648E+01
 -0.137175E+01
 -0.190550E+01
  0.388530E+01
  0.100684E+02
  0.156630E+02
  0.186344E+02
  0.187472E+02
  0.167722E+02
  0.129010E+02
  0.923817E+01
  0.576175E+01
  0.245484E+01
  0.101632E+01
  0.115819E+01
  0.129751E+01
  0.143432E+01
  0.156863E+01
  0.170046E+01
  0.182984E+01
  0.195233E+01
  0.203055E+01
  0.210749E+01
  0.218333E+01
  0.225824E+01
  0.233238E+01
  0.240593E+01
  0.247905E+01
  0.255189E+01
  0.258967E+01
  0.254079E+01
  0.249193E+01
  0.244311E+01
  0.239434E+01
  0.234563E+01
  0.229699E+01
  0.224843E+01
  0.219998E+01
  0.215165E+01
  0.209700E+01
  0.203214E+01
  0.196731E+01
  0.190250E+01
  0.183773E+01
  0.177298E+01
  0.170825E+01
  0.164354E+01
  0.157885E+01
  0.151416E+01
  0.144949E+01
  0.144673E+01
  0.145092E+01
  0.145490E+01
  0.145867E+01
  0.146223E+01
  0.146558E+01
  0.146873E+01
  0.147168E+01
  0.147444E+01
  0.147700E+01
  0.146920E+01
  0.144902E+01
  0.142842E+01
  0.140739E+01
  0.138591E+01
  0.136396E+01
  0.134150E+01
  0.131851E+01
  0.129497E+01
  0.127084E+01
  0.123298E+01
  0.118911E+01
  0.114490E+01
  0.110034E+01
  0.105541E+01
  0.101007E+01
  0.964308E+00
  0.918088E+00
  0.874366E+00
  0.859572E+00
  0.844759E+00
  0.829925E+00
  0.815070E+00
  0.800192E+00
  0.785290E+00
  0.770361E+00
  0.771032E+00
  0.773705E+00
  0.776378E+00
  0.779051E+00
  0.781725E+00
  0.786052E+00
  0.803978E+00
  0.821904E+00
  0.839830E+00
  0.857755E+00
  0.911155E+00
  0.984901E+00
  0.105865E+01
  0.115355E+01
  0.130693E+01
  0.146032E+01
  0.172204E+01
  0.201457E+01
  0.356505E+01
  0.621599E+02
  0.198665E+02
  0.203474E+01
  0.275029E+01
  0.317822E+01
  0.347549E+01
  0.368065E+01
  0.383537E+01
  0.395572E+01
  0.404716E+01
  0.411377E+01
  0.417712E+01
  0.423138E+01
  0.428365E+01
  0.432396E+01
  0.437675E+01
  0.448537E+01
  0.459282E+01
  0.468915E+01
  0.477260E+01
  0.484017E+01
  0.489875E+01
  0.494500E+01
  0.498817E+01
  0.504286E+01
  0.509793E+01
  0.517286E+01
  0.524666E+01
  0.532266E+01
  0.541234E+01
  0.551888E+01
  0.564097E+01
  0.575275E+01
  0.585894E+01
  0.598710E+01
  0.603801E+01
  0.601746E+01
  0.597582E+01
  0.592781E+01
  0.581747E+01
  0.560373E+01
  0.528945E+01
  0.495947E+01
  0.477728E+01
  0.469294E+01
  0.474402E+01
  0.512174E+01
  0.612975E+01
  0.733978E+01
  0.799567E+01
  0.839808E+01
  0.906801E+01
  0.948594E+01
  0.105609E+02
  0.957961E+01
  0.869300E+01
  0.787319E+01
  0.709411E+01
  0.667547E+01
  0.655893E+01
  0.644386E+01
  0.633036E+01
  0.621850E+01
  0.610839E+01
  0.600011E+01
  0.598130E+01
  0.678788E+01
  0.756986E+01
  0.832934E+01
  0.906847E+01
  0.978954E+01
  0.104950E+02
  0.111873E+02
  0.118693E+02
  0.125233E+02
  0.131172E+02
  0.137001E+02
  0.142729E+02
  0.148364E+02
  0.153916E+02
  0.159397E+02
  0.164817E+02
  0.170191E+02
  0.175532E+02
  0.180578E+02
  0.185147E+02
  0.189672E+02
  0.194153E+02
  0.198591E+02
  0.202986E+02
  0.207337E+02
  0.211646E+02
  0.215913E+02
  0.220137E+02
  0.224321E+02
  0.229661E+02
  0.235152E+02
  0.240665E+02
  0.246205E+02
  0.251778E+02
  0.257389E+02
  0.263045E+02
  0.268754E+02
  0.274524E+02
  0.280363E+02
  0.287644E+02
  0.296533E+02
  0.305382E+02
  0.314191E+02
  0.322957E+02
  0.331679E+02
  0.340356E+02
  0.348986E+02
  0.357568E+02
  0.366101E+02
  0.375135E+02
  0.384323E+02
  0.393417E+02
  0.402416E+02
  0.411316E+02
  0.420116E+02
  0.428812E+02
  0.437404E+02
  0.446390E+02
  0.460195E+02
  0.474015E+02
  0.487852E+02
  0.501707E+02
  0.515580E+02
  0.529475E+02
  0.543391E+02
  0.559311E+02
  0.575486E+02
  0.591662E+02
  0.607837E+02
  0.624012E+02
  0.639923E+02
  0.653658E+02
  0.667393E+02
  0.681129E+02
  0.694864E+02
  0.706047E+02
  0.715766E+02
  0.725486E+02
  0.732742E+02
  0.733188E+02
  0.733635E+02
  0.725820E+02
  0.715655E+02
  0.685047E+02
  0.205992E+03
 -0.203467E+03
 -0.156868E+00
 -0.103761E+00
 -0.852804E-01
 -0.713102E-01
 -0.654808E-01
 -0.602231E-01
 -0.612254E-01
 -0.579047E-01
 -0.596976E-01
 -0.645904E-01
 -0.702123E-01
 -0.746312E-01
 -0.855261E-01
 -0.128148E+00
 -0.164692E+00
 -0.181023E+00
 -0.202853E+00
 -0.225516E+00
 -0.246140E+00
 -0.271436E+00
 -0.289283E+00
 -0.304204E+00
 -0.315175E+00
 -0.325905E+00
 -0.343311E+00
 -0.350566E+00
 -0.372886E+00
 -0.413676E+00
 -0.470639E+00
 -0.525294E+00
 -0.571620E+00
 -0.654304E+00
 -0.752772E+00
 -0.824043E+00
 -0.942683E+00
 -0.104378E+01
 -0.109690E+01
 -0.110016E+01
 -0.106590E+01
 -0.104600E+01
 -0.109727E+01
 -0.111920E+01
 -0.121228E+01
 -0.131439E+01
 -0.135863E+01
 -0.189208E+01
  0.389758E+01
  0.100780E+02
  0.156685E+02
  0.186329E+02
  0.187411E+02
  0.167615E+02
  0.128867E+02
  0.922055E+01
  0.574088E+01
  0.243082E+01
  0.990340E+00
  0.113129E+01
  0.126971E+01
  0.140563E+01
  0.153908E+01
  0.167007E+01
  0.179862E+01
  0.192040E+01
  0.199867E+01
  0.207567E+01
  0.215156E+01
  0.222652E+01
  0.230071E+01
  0.237431E+01
  0.244747E+01
  0.252036E+01
  0.255818E+01
  0.250929E+01
  0.246043E+01
  0.241161E+01
  0.236284E+01
  0.231414E+01
  0.226551E+01
  0.221697E+01
  0.216853E+01
  0.212022E+01
  0.206555E+01
  0.200061E+01
  0.193571E+01
  0.187084E+01
  0.180600E+01
  0.174119E+01
  0.167640E+01
  0.161163E+01
  0.154689E+01
  0.148215E+01
  0.141743E+01
  0.141476E+01
  0.141906E+01
  0.142315E+01
  0.142704E+01
  0.143072E+01
  0.143420E+01
  0.143748E+01
  0.144056E+01
  0.144346E+01
  0.144617E+01
  0.143861E+01
  0.141880E+01
  0.139858E+01
  0.137794E+01
  0.135685E+01
  0.133529E+01
  0.131324E+01
  0.129067E+01
  0.126756E+01
  0.124387E+01
  0.120639E+01
  0.116288E+01
  0.111904E+01
  0.107486E+01
  0.103029E+01
  0.985335E+00
  0.939952E+00
  0.894116E+00
  0.850769E+00
  0.836232E+00
  0.821676E+00
  0.807099E+00
  0.792502E+00
  0.777881E+00
  0.763236E+00
  0.748566E+00
  0.749402E+00
  0.752230E+00
  0.755057E+00
  0.757885E+00
  0.760712E+00
  0.765152E+00
  0.782838E+00
  0.800525E+00
  0.818212E+00
  0.835898E+00
  0.888939E+00
  0.962257E+00
  0.103558E+01
  0.113029E+01
  0.128415E+01
  0.143800E+01
  0.170259E+01
  0.199867E+01
  0.355686E+01
  0.621989E+02
  0.199134E+02
  0.203227E+01
  0.274682E+01
  0.317415E+01
  0.347102E+01
  0.367590E+01
  0.383037E+01
  0.395053E+01
  0.404180E+01
  0.410826E+01
  0.417146E+01
  0.422561E+01
  0.427778E+01
  0.431800E+01
  0.437046E+01
  0.447865E+01
  0.458551E+01
  0.468132E+01
  0.476426E+01
  0.483145E+01
  0.488969E+01
  0.493561E+01
  0.497848E+01
  0.503298E+01
  0.508796E+01
  0.516290E+01
  0.523669E+01
  0.531264E+01
  0.540216E+01
  0.550851E+01
  0.563035E+01
  0.574176E+01
  0.584743E+01
  0.597503E+01
  0.602545E+01
  0.600446E+01
  0.596228E+01
  0.591350E+01
  0.580235E+01
  0.558776E+01
  0.527253E+01
  0.494166E+01
  0.475809E+01
  0.467182E+01
  0.472049E+01
  0.509481E+01
  0.609784E+01
  0.731271E+01
  0.797064E+01
  0.836970E+01
  0.903000E+01
  0.943514E+01
  0.105040E+02
  0.952370E+01
  0.863828E+01
  0.781984E+01
  0.704229E+01
  0.662447E+01
  0.650807E+01
  0.639315E+01
  0.627976E+01
  0.616801E+01
  0.605799E+01
  0.594980E+01
  0.593109E+01
  0.673780E+01
  0.751989E+01
  0.827944E+01
  0.901862E+01
  0.973971E+01
  0.104451E+02
  0.111374E+02
  0.118194E+02
  0.124733E+02
  0.130668E+02
  0.136494E+02
  0.142219E+02
  0.147851E+02
  0.153401E+02
  0.158878E+02
  0.164296E+02
  0.169666E+02
  0.175005E+02
  0.180047E+02
  0.184610E+02
  0.189130E+02
  0.193606E+02
  0.198039E+02
  0.202429E+02
  0.206776E+02
  0.211080E+02
  0.215343E+02
  0.219563E+02
  0.223743E+02
  0.229071E+02
  0.234549E+02
  0.240049E+02
  0.245575E+02
  0.251134E+02
  0.256731E+02
  0.262373E+02
  0.268068E+02
  0.273823E+02
  0.279647E+02
  0.286915E+02
  0.295794E+02
  0.304635E+02
  0.313436E+02
  0.322196E+02
  0.330912E+02
  0.339585E+02
  0.348211E+02
  0.356791E+02
  0.365323E+02
  0.374354E+02
  0.383539E+02
  0.392632E+02
  0.401633E+02
  0.410537E+02
  0.419342E+02
  0.428048E+02
  0.436652E+02
  0.445649E+02
  0.459431E+02
  0.473230E+02
  0.487045E+02
  0.500878E+02
  0.514730E+02
  0.528602E+02
  0.542496E+02
  0.558395E+02
  0.574550E+02
  0.590704E+02
  0.606859E+02
  0.623013E+02
  0.638903E+02
  0.652620E+02
  0.666336E+02
  0.680053E+02
  0.693769E+02
  0.704937E+02
  0.714643E+02
  0.724349E+02
  0.731595E+02
  0.732043E+02
  0.732491E+02
  0.724699E+02
  0.714563E+02
  0.684031E+02
  0.206005E+03
 -0.162311E+00
 -0.277095E-03
 -0.409707E-03
 -0.523078E-03
 -0.617989E-03
 -0.612506E-03
 -0.638195E-03
 -0.652974E-03
 -0.662219E-03
 -0.715683E-03
 -0.751260E-03
 -0.774435E-03
 -0.839279E-03
 -0.920393E-03
 -0.109270E-02
 -0.126312E-02
 -0.136479E-02
 -0.147296E-02
 -0.145026E-02
 -0.139620E-02
 -0.152259E-02
 -0.169100E-02
 -0.188847E-02
 -0.199116E-02
 -0.211431E-02
 -0.235647E-02
 -0.262126E-02
 -0.291821E-02
 -0.324507E-02
 -0.359835E-02
 -0.395519E-02
 -0.433847E-02
 -0.468676E-02
 -0.480034E-02
 -0.487814E-02
 -0.514791E-02
 -0.580637E-02
 -0.648909E-02
 -0.710706E-02
 -0.777292E-02
 -0.857326E-02
 -0.942309E-02
 -0.102171E-01
 -0.110886E-01
 -0.120888E-01
 -0.131282E-01
 -0.134134E-01
 -0.122772E-01
 -0.967558E-02
 -0.550609E-02
  0.149613E-02
  0.610688E-02
  0.107222E-01
  0.142375E-01
  0.176146E-01
  0.208700E-01
  0.240150E-01
  0.259845E-01
  0.269037E-01
  0.278041E-01
  0.286855E-01
  0.295476E-01
  0.303900E-01
  0.312123E-01
  0.319339E-01
  0.318779E-01
  0.318240E-01
  0.317718E-01
  0.317213E-01
  0.316720E-01
  0.316238E-01
  0.315762E-01
  0.315290E-01
  0.314972E-01
  0.315010E-01
  0.315016E-01
  0.314992E-01
  0.314939E-01
  0.314858E-01
  0.314751E-01
  0.314619E-01
  0.314464E-01
  0.314288E-01
  0.314466E-01
  0.315210E-01
  0.315927E-01
  0.316614E-01
  0.317272E-01
  0.317901E-01
  0.318501E-01
  0.319069E-01
  0.319608E-01
  0.320115E-01
  0.320592E-01
  0.319693E-01
  0.318601E-01
  0.317469E-01
  0.316297E-01
  0.315082E-01
  0.313824E-01
  0.312521E-01
  0.311171E-01
  0.309773E-01
  0.308325E-01
  0.305854E-01
  0.302167E-01
  0.298409E-01
  0.294574E-01
  0.290660E-01
  0.286663E-01
  0.282578E-01
  0.278402E-01
  0.274129E-01
  0.269756E-01
  0.265890E-01
  0.262247E-01
  0.258575E-01
  0.254871E-01
  0.251136E-01
  0.247366E-01
  0.243563E-01
  0.239724E-01
  0.235973E-01
  0.233403E-01
  0.230832E-01
  0.228260E-01
  0.225686E-01
  0.223111E-01
  0.220535E-01
  0.217957E-01
  0.216296E-01
  0.214752E-01
  0.213209E-01
  0.211666E-01
  0.210123E-01
  0.209006E-01
  0.211397E-01
  0.213788E-01
  0.216179E-01
  0.218570E-01
  0.222161E-01
  0.226440E-01
  0.230719E-01
  0.232603E-01
  0.227866E-01
  0.223128E-01
  0.194492E-01
  0.159058E-01
  0.818815E-02
 -0.390159E-01
 -0.468949E-01
  0.247194E-02
  0.346842E-02
  0.406364E-02
  0.446858E-02
  0.475226E-02
  0.499289E-02
  0.518667E-02
  0.535854E-02
  0.551187E-02
  0.565948E-02
  0.577473E-02
  0.587371E-02
  0.595661E-02
  0.628462E-02
  0.671668E-02
  0.730649E-02
  0.782598E-02
  0.833513E-02
  0.871519E-02
  0.905733E-02
  0.938804E-02
  0.969568E-02
  0.988458E-02
  0.997355E-02
  0.995809E-02
  0.996194E-02
  0.100184E-01
  0.101814E-01
  0.103713E-01
  0.106208E-01
  0.109875E-01
  0.115073E-01
  0.120686E-01
  0.125578E-01
  0.129955E-01
  0.135370E-01
  0.143111E-01
  0.151121E-01
  0.159725E-01
  0.169136E-01
  0.178089E-01
  0.191853E-01
  0.211295E-01
  0.235312E-01
  0.269340E-01
  0.319106E-01
  0.270758E-01
  0.250312E-01
  0.283803E-01
  0.380058E-01
  0.508009E-01
  0.568958E-01
  0.559104E-01
  0.547243E-01
  0.533512E-01
  0.518201E-01
  0.510061E-01
  0.508512E-01
  0.507153E-01
  0.505956E-01
  0.504893E-01
  0.503935E-01
  0.503052E-01
  0.502144E-01
  0.500773E-01
  0.499724E-01
  0.498979E-01
  0.498514E-01
  0.498304E-01
  0.498319E-01
  0.498526E-01
  0.498888E-01
  0.500162E-01
  0.503400E-01
  0.506570E-01
  0.509677E-01
  0.512722E-01
  0.515709E-01
  0.518640E-01
  0.521518E-01
  0.524344E-01
  0.527121E-01
  0.531035E-01
  0.536669E-01
  0.542089E-01
  0.547292E-01
  0.552278E-01
  0.557043E-01
  0.561588E-01
  0.565911E-01
  0.570012E-01
  0.573889E-01
  0.577543E-01
  0.589696E-01
  0.602957E-01
  0.616354E-01
  0.629910E-01
  0.643650E-01
  0.657599E-01
  0.671786E-01
  0.686243E-01
  0.701002E-01
  0.716101E-01
  0.729001E-01
  0.738341E-01
  0.746798E-01
  0.754332E-01
  0.760902E-01
  0.766462E-01
  0.770968E-01
  0.774372E-01
  0.776624E-01
  0.777674E-01
  0.781084E-01
  0.784108E-01
  0.784970E-01
  0.783553E-01
  0.779733E-01
  0.773378E-01
  0.764354E-01
  0.752520E-01
  0.741278E-01
  0.763288E-01
  0.785255E-01
  0.807179E-01
  0.829055E-01
  0.850882E-01
  0.872655E-01
  0.894370E-01
  0.915401E-01
  0.936348E-01
  0.957295E-01
  0.978242E-01
  0.999189E-01
  0.101990E+00
  0.103864E+00
  0.105739E+00
  0.107613E+00
  0.109488E+00
  0.111032E+00
  0.112387E+00
  0.113741E+00
  0.114693E+00
  0.114530E+00
  0.114367E+00
  0.112076E+00
  0.109180E+00
  0.101591E+00
 -0.134030E-01
  0.127324E+01
  0.127321E+01
  0.127312E+01
  0.127298E+01
  0.127278E+01
  0.127252E+01
  0.127221E+01
  0.127183E+01
  0.127140E+01
  0.127091E+01
  0.127037E+01
  0.126977E+01
  0.126910E+01
  0.126838E+01
  0.126761E+01
  0.126677E+01
  0.126588E+01
  0.126493E+01
  0.126391E+01
  0.126285E+01
  0.126172E+01
  0.126053E+01
  0.125928E+01
  0.125798E+01
  0.125661E+01
  0.125519E+01
  0.125371E+01
  0.125216E+01
  0.125056E+01
  0.124889E+01
  0.124716E+01
  0.124538E+01
  0.124353E+01
  0.124162E+01
  0.123965E+01
  0.123761E+01
  0.123552E+01
  0.123336E+01
  0.123114E+01
  0.122885E+01
  0.122650E+01
  0.122409E+01
  0.122161E+01
  0.121907E+01
  0.121646E+01
  0.121378E+01
  0.121104E+01
  0.120824E+01
  0.120536E+01
  0.120242E+01
  0.119941E+01
  0.119633E+01
  0.119318E+01
  0.118997E+01
  0.118668E+01
  0.118332E+01
  0.117989E+01
  0.117639E+01
  0.117282E+01
  0.116917E+01
  0.116545E+01
  0.116165E+01
  0.115778E+01
  0.115383E+01
  0.114980E+01
  0.114570E+01
  0.114152E+01
  0.113725E+01
  0.113291E+01
  0.112849E+01
  0.112398E+01
  0.111939E+01
  0.111472E+01
  0.110996E+01
  0.110511E+01
  0.110018E+01
  0.109516E+01
  0.109004E+01
  0.108484E+01
  0.107954E+01
  0.107415E+01
  0.106867E+01
  0.106308E+01
  0.105740E+01
  0.105162E+01
  0.104574E+01
  0.103975E+01
  0.103366E+01
  0.102746E+01
  0.102115E+01
  0.101473E+01
  0.100819E+01
  0.100154E+01
  0.994777E+00
  0.987889E+00
  0.980879E+00
  0.973744E+00
  0.966480E+00
  0.959086E+00
  0.951557E+00
  0.943890E+00
  0.936083E+00
  0.928132E+00
  0.920032E+00
  0.911781E+00
  0.903373E+00
  0.894805E+00
  0.886071E+00
  0.877167E+00
  0.868088E+00
  0.858828E+00
  0.849381E+00
  0.839740E+00
  0.829900E+00
  0.819853E+00
  0.809590E+00
  0.799105E+00
  0.788387E+00
  0.777428E+00
  0.766217E+00
  0.754743E+00
  0.742993E+00
  0.730955E+00
  0.718613E+00
  0.705952E+00
  0.692955E+00
  0.679601E+00
  0.665870E+00
  0.651739E+00
  0.637179E+00
  0.622161E+00
  0.606651E+00
  0.590611E+00
  0.573995E+00
  0.556753E+00
  0.538824E+00
  0.520137E+00
  0.500608E+00
  0.480133E+00
  0.458585E+00
  0.435807E+00
  0.411593E+00
  0.385673E+00
  0.357677E+00
  0.327071E+00
  0.293040E+00
  0.254212E+00
  0.207914E+00
  0.147266E+00
  0.000000E+00
  0.144565E+00
  0.192996E-02
  0.238018E-02
  0.275920E-02
  0.310565E-02
  0.344893E-02
  0.378125E-02
  0.413367E-02
  0.451338E-02
  0.492062E-02
  0.535726E-02
  0.584406E-02
  0.637127E-02
  0.694666E-02
  0.761301E-02
  0.842980E-02
  0.931365E-02
  0.102749E-01
  0.112934E-01
  0.126670E-01
  0.141660E-01
  0.157908E-01
  0.175326E-01
  0.193602E-01
  0.213663E-01
  0.235146E-01
  0.258469E-01
  0.283753E-01
  0.296821E-01
  0.326690E-01
  0.359171E-01
  0.394407E-01
  0.432855E-01
  0.475345E-01
  0.536077E-01
  0.608677E-01
  0.689358E-01
  0.779514E-01
  0.880630E-01
  0.991799E-01
  0.107863E+00
  0.123258E+00
  0.141383E+00
  0.161066E+00
  0.182953E+00
  0.210459E+00
  0.244994E+00
  0.277145E+00
  0.326333E+00
  0.397662E+00
  0.523255E+00
  0.739432E+00
  0.984743E+00
  0.983515E+00
  0.983618E+00
  0.984238E+00
  0.986006E+00
  0.977295E+00
  0.956961E+00
  0.936805E+00
  0.916825E+00
  0.897311E+00
  0.879539E+00
  0.862514E+00
  0.844648E+00
  0.817468E+00
  0.790451E+00
  0.763598E+00
  0.736908E+00
  0.710383E+00
  0.684023E+00
  0.658157E+00
  0.638611E+00
  0.620171E+00
  0.604064E+00
  0.587718E+00
  0.571130E+00
  0.554296E+00
  0.537213E+00
  0.519875E+00
  0.502281E+00
  0.485327E+00
  0.469434E+00
  0.458329E+00
  0.451517E+00
  0.444589E+00
  0.437541E+00
  0.430371E+00
  0.423076E+00
  0.415652E+00
  0.408098E+00
  0.400409E+00
  0.392584E+00
  0.384617E+00
  0.379329E+00
  0.374240E+00
  0.369020E+00
  0.363665E+00
  0.358169E+00
  0.352527E+00
  0.346734E+00
  0.340784E+00
  0.334670E+00
  0.328386E+00
  0.322593E+00
  0.317421E+00
  0.312078E+00
  0.306556E+00
  0.300847E+00
  0.294940E+00
  0.288826E+00
  0.282493E+00
  0.275932E+00
  0.269128E+00
  0.264766E+00
  0.261422E+00
  0.257948E+00
  0.254336E+00
  0.250578E+00
  0.246665E+00
  0.243104E+00
  0.240551E+00
  0.238844E+00
  0.238584E+00
  0.238312E+00
  0.238029E+00
  0.237733E+00
  0.237424E+00
  0.237100E+00
  0.236761E+00
  0.236722E+00
  0.236722E+00
  0.236722E+00
  0.236722E+00
  0.236722E+00
  0.236722E+00
  0.236722E+00
  0.236722E+00
  0.236722E+00
  0.236722E+00
  0.236722E+00
  0.236722E+00
  0.236722E+00
  0.236722E+00
  0.236722E+00
  0.236722E+00
  0.236722E+00
  0.236722E+00
  0.241200E+00
  0.230674E+00
 -0.899087E+02
 -0.899999E+02
 -0.899985E+02
 -0.899963E+02
 -0.899933E+02
 -0.899896E+02
 -0.899855E+02
 -0.899806E+02
 -0.899754E+02
 -0.899694E+02
 -0.899625E+02
 -0.899553E+02
 -0.899468E+02
 -0.899364E+02
 -0.899255E+02
 -0.899139E+02
 -0.899001E+02
 -0.898836E+02
 -0.898661E+02
 -0.898477E+02
 -0.898275E+02
 -0.898035E+02
 -0.897766E+02
 -0.897480E+02
 -0.897175E+02
 -0.896844E+02
 -0.896476E+02
 -0.896065E+02
 -0.896615E+02
 -0.896214E+02
 -0.895780E+02
 -0.895301E+02
 -0.894782E+02
 -0.894215E+02
 -0.893591E+02
 -0.892903E+02
 -0.892069E+02
 -0.891086E+02
 -0.889955E+02
 -0.888674E+02
 -0.890992E+02
 -0.889675E+02
 -0.888163E+02
 -0.886727E+02
 -0.884975E+02
 -0.882792E+02
 -0.880485E+02
 -0.889053E+02
 -0.888233E+02
 -0.887030E+02
 -0.897493E+02
 -0.874452E+02
  0.667171E+02
  0.652022E+02
  0.636824E+02
  0.674285E+02
  0.657807E+02
  0.757947E+02
  0.758072E+02
  0.758196E+02
  0.758319E+02
  0.758441E+02
  0.758561E+02
  0.758681E+02
  0.758979E+02
  0.760987E+02
  0.762982E+02
  0.764964E+02
  0.766933E+02
  0.768891E+02
  0.770835E+02
  0.772768E+02
  0.774688E+02
  0.776667E+02
  0.778842E+02
  0.781047E+02
  0.783284E+02
  0.785553E+02
  0.787855E+02
  0.790190E+02
  0.792559E+02
  0.794964E+02
  0.797403E+02
  0.799520E+02
  0.801097E+02
  0.802700E+02
  0.804332E+02
  0.805992E+02
  0.807681E+02
  0.809400E+02
  0.811150E+02
  0.812931E+02
  0.814744E+02
  0.816591E+02
  0.818104E+02
  0.819612E+02
  0.821159E+02
  0.822748E+02
  0.824379E+02
  0.826055E+02
  0.827776E+02
  0.829546E+02
  0.831366E+02
  0.833238E+02
  0.834959E+02
  0.836487E+02
  0.838065E+02
  0.839696E+02
  0.841383E+02
  0.843128E+02
  0.844934E+02
  0.846806E+02
  0.848745E+02
  0.850757E+02
  0.852360E+02
  0.853810E+02
  0.855316E+02
  0.856881E+02
  0.858509E+02
  0.860204E+02
  0.861968E+02
  0.863808E+02
  0.865661E+02
  0.866932E+02
  0.868256E+02
  0.869639E+02
  0.871083E+02
  0.872592E+02
  0.874172E+02
  0.875827E+02
  0.877045E+02
  0.878251E+02
  0.879515E+02
  0.880839E+02
  0.882230E+02
  0.883652E+02
  0.884822E+02
  0.886051E+02
  0.887345E+02
  0.888708E+02
  0.889954E+02
  0.891170E+02
  0.892472E+02
  0.893769E+02
  0.894890E+02
  0.896137E+02
  0.897177E+02
  0.898288E+02
  0.899243E+02
 -0.899959E+02
  0.128775E-06
  0.154014E+03
  0.151822E+03
  0.149146E+03
  0.146366E+03
  0.143524E+03
  0.140649E+03
  0.137748E+03
  0.134837E+03
  0.131930E+03
  0.129028E+03
  0.126126E+03
  0.123230E+03
  0.120343E+03
  0.117456E+03
  0.114570E+03
  0.111690E+03
  0.108815E+03
  0.105940E+03
  0.103066E+03
  0.100192E+03
  0.973199E+02
  0.944485E+02
  0.915771E+02
  0.887057E+02
  0.858302E+02
  0.829462E+02
  0.800527E+02
  0.771629E+02
  0.742747E+02
  0.713867E+02
  0.685011E+02
  0.655679E+02
  0.626164E+02
  0.596650E+02
  0.567138E+02
  0.537977E+02
  0.508792E+02
  0.478987E+02
  0.449184E+02
  0.419417E+02
  0.389663E+02
  0.359000E+02
  0.326707E+02
  0.294418E+02
  0.262131E+02
  0.229786E+02
  0.197724E+02
  0.166285E+02
  0.134847E+02
  0.102721E+02
  0.721237E+01
  0.537309E+01
  0.536262E+01
  0.535590E+01
  0.535629E+01
  0.536692E+01
  0.538423E+01
  0.540805E+01
  0.543187E+01
  0.545569E+01
  0.547951E+01
  0.550333E+01
  0.552716E+01
  0.555040E+01
  0.556812E+01
  0.558590E+01
  0.560375E+01
  0.562167E+01
  0.563966E+01
  0.565771E+01
  0.567583E+01
  0.569401E+01
  0.569548E+01
  0.565543E+01
  0.561547E+01
  0.557559E+01
  0.553579E+01
  0.549608E+01
  0.545646E+01
  0.541694E+01
  0.537751E+01
  0.533817E+01
  0.529678E+01
  0.525203E+01
  0.520731E+01
  0.516264E+01
  0.511801E+01
  0.507342E+01
  0.502888E+01
  0.498439E+01
  0.493994E+01
  0.489554E+01
  0.485119E+01
  0.479177E+01
  0.473063E+01
  0.466953E+01
  0.460846E+01
  0.454743E+01
  0.448644E+01
  0.442548E+01
  0.436457E+01
  0.430370E+01
  0.424288E+01
  0.417936E+01
  0.411263E+01
  0.404592E+01
  0.397925E+01
  0.391262E+01
  0.384601E+01
  0.377945E+01
  0.371292E+01
  0.364644E+01
  0.357999E+01
  0.351446E+01
  0.344933E+01
  0.338422E+01
  0.331914E+01
  0.325408E+01
  0.318905E+01
  0.312405E+01
  0.305908E+01
  0.299448E+01
  0.293324E+01
  0.287201E+01
  0.281081E+01
  0.274961E+01
  0.268844E+01
  0.262728E+01
  0.256615E+01
  0.250897E+01
  0.245230E+01
  0.239565E+01
  0.233900E+01
  0.228237E+01
  0.222602E+01
  0.217187E+01
  0.211773E+01
  0.206359E+01
  0.200947E+01
  0.194842E+01
  0.188341E+01
  0.181840E+01
  0.174728E+01
  0.165922E+01
  0.157117E+01
  0.145767E+01
  0.133694E+01
  0.114347E+01
  0.541605E-07
