 Title= "ADflow Lift Distribution Data"
Variables = "eta" "CoordinateX" "CoordinateY" "CoordinateZ" "Lift" "Drag" "Normalized Lift" "Normalized Drag" "CL" "CD" "CLp" "CDp" "CLv" "CDv" "Ellptical" "thickness" "twist" "chord" 
Zone T= "LiftDist_01 allWalls: : y normal"
 I=          150
 DATAPACKING=BLOCK
  0.000000E+00
  0.671141E-02
  0.134228E-01
  0.201342E-01
  0.268456E-01
  0.335570E-01
  0.402685E-01
  0.469799E-01
  0.536913E-01
  0.604027E-01
  0.671141E-01
  0.738255E-01
  0.805369E-01
  0.872483E-01
  0.939597E-01
  0.100671E+00
  0.107383E+00
  0.114094E+00
  0.120805E+00
  0.127517E+00
  0.134228E+00
  0.140940E+00
  0.147651E+00
  0.154362E+00
  0.161074E+00
  0.167785E+00
  0.174497E+00
  0.181208E+00
  0.187919E+00
  0.194631E+00
  0.201342E+00
  0.208054E+00
  0.214765E+00
  0.221477E+00
  0.228188E+00
  0.234899E+00
  0.241611E+00
  0.248322E+00
  0.255034E+00
  0.261745E+00
  0.268456E+00
  0.275168E+00
  0.281879E+00
  0.288591E+00
  0.295302E+00
  0.302013E+00
  0.308725E+00
  0.315436E+00
  0.322148E+00
  0.328859E+00
  0.335570E+00
  0.342282E+00
  0.348993E+00
  0.355705E+00
  0.362416E+00
  0.369128E+00
  0.375839E+00
  0.382550E+00
  0.389262E+00
  0.395973E+00
  0.402685E+00
  0.409396E+00
  0.416107E+00
  0.422819E+00
  0.429530E+00
  0.436242E+00
  0.442953E+00
  0.449664E+00
  0.456376E+00
  0.463087E+00
  0.469799E+00
  0.476510E+00
  0.483221E+00
  0.489933E+00
  0.496644E+00
  0.503356E+00
  0.510067E+00
  0.516779E+00
  0.523490E+00
  0.530201E+00
  0.536913E+00
  0.543624E+00
  0.550336E+00
  0.557047E+00
  0.563758E+00
  0.570470E+00
  0.577181E+00
  0.583893E+00
  0.590604E+00
  0.597315E+00
  0.604027E+00
  0.610738E+00
  0.617450E+00
  0.624161E+00
  0.630872E+00
  0.637584E+00
  0.644295E+00
  0.651007E+00
  0.657718E+00
  0.664430E+00
  0.671141E+00
  0.677852E+00
  0.684564E+00
  0.691275E+00
  0.697987E+00
  0.704698E+00
  0.711409E+00
  0.718121E+00
  0.724832E+00
  0.731544E+00
  0.738255E+00
  0.744966E+00
  0.751678E+00
  0.758389E+00
  0.765101E+00
  0.771812E+00
  0.778523E+00
  0.785235E+00
  0.791946E+00
  0.798658E+00
  0.805369E+00
  0.812081E+00
  0.818792E+00
  0.825503E+00
  0.832215E+00
  0.838926E+00
  0.845638E+00
  0.852349E+00
  0.859060E+00
  0.865772E+00
  0.872483E+00
  0.879195E+00
  0.885906E+00
  0.892617E+00
  0.899329E+00
  0.906040E+00
  0.912752E+00
  0.919463E+00
  0.926174E+00
  0.932886E+00
  0.939597E+00
  0.946309E+00
  0.953020E+00
  0.959732E+00
  0.966443E+00
  0.973154E+00
  0.979866E+00
  0.986577E+00
  0.993289E+00
  0.100000E+01
  0.000000E+00
  0.000000E+00
  0.000000E+00
  0.000000E+00
  0.000000E+00
  0.000000E+00
  0.000000E+00
  0.000000E+00
  0.000000E+00
  0.000000E+00
  0.000000E+00
  0.000000E+00
  0.000000E+00
  0.000000E+00
  0.000000E+00
  0.000000E+00
  0.000000E+00
  0.000000E+00
  0.000000E+00
  0.000000E+00
  0.000000E+00
  0.000000E+00
  0.000000E+00
  0.000000E+00
  0.000000E+00
  0.000000E+00
  0.000000E+00
  0.000000E+00
  0.000000E+00
  0.000000E+00
  0.000000E+00
  0.000000E+00
  0.000000E+00
  0.000000E+00
  0.000000E+00
  0.000000E+00
  0.000000E+00
  0.000000E+00
  0.000000E+00
  0.000000E+00
  0.000000E+00
  0.000000E+00
  0.000000E+00
  0.000000E+00
  0.000000E+00
  0.000000E+00
  0.000000E+00
  0.000000E+00
  0.000000E+00
  0.000000E+00
  0.000000E+00
  0.000000E+00
  0.000000E+00
  0.000000E+00
  0.000000E+00
  0.000000E+00
  0.000000E+00
  0.000000E+00
  0.000000E+00
  0.000000E+00
  0.000000E+00
  0.000000E+00
  0.000000E+00
  0.000000E+00
  0.000000E+00
  0.000000E+00
  0.000000E+00
  0.000000E+00
  0.000000E+00
  0.000000E+00
  0.000000E+00
  0.000000E+00
  0.000000E+00
  0.000000E+00
  0.000000E+00
  0.000000E+00
  0.000000E+00
  0.000000E+00
  0.000000E+00
  0.000000E+00
  0.000000E+00
  0.000000E+00
  0.000000E+00
  0.000000E+00
  0.000000E+00
  0.000000E+00
  0.000000E+00
  0.000000E+00
  0.000000E+00
  0.000000E+00
  0.000000E+00
  0.000000E+00
  0.000000E+00
  0.000000E+00
  0.000000E+00
  0.000000E+00
  0.000000E+00
  0.000000E+00
  0.000000E+00
  0.000000E+00
  0.000000E+00
  0.000000E+00
  0.000000E+00
  0.000000E+00
  0.000000E+00
  0.000000E+00
  0.000000E+00
  0.000000E+00
  0.000000E+00
  0.000000E+00
  0.000000E+00
  0.000000E+00
  0.000000E+00
  0.000000E+00
  0.000000E+00
  0.000000E+00
  0.000000E+00
  0.000000E+00
  0.000000E+00
  0.000000E+00
  0.000000E+00
  0.000000E+00
  0.000000E+00
  0.000000E+00
  0.000000E+00
  0.000000E+00
  0.000000E+00
  0.000000E+00
  0.000000E+00
  0.000000E+00
  0.000000E+00
  0.000000E+00
  0.000000E+00
  0.000000E+00
  0.000000E+00
  0.000000E+00
  0.000000E+00
  0.000000E+00
  0.000000E+00
  0.000000E+00
  0.000000E+00
  0.000000E+00
  0.000000E+00
  0.000000E+00
  0.000000E+00
  0.000000E+00
  0.000000E+00
  0.000000E+00
  0.000000E+00
  0.000000E+00
 -0.448630E+02
 -0.439637E+02
 -0.430644E+02
 -0.421651E+02
 -0.412658E+02
 -0.403665E+02
 -0.394672E+02
 -0.385678E+02
 -0.376685E+02
 -0.367692E+02
 -0.358699E+02
 -0.349706E+02
 -0.340713E+02
 -0.331720E+02
 -0.322727E+02
 -0.313733E+02
 -0.304740E+02
 -0.295747E+02
 -0.286754E+02
 -0.277761E+02
 -0.268768E+02
 -0.259775E+02
 -0.250782E+02
 -0.241788E+02
 -0.232795E+02
 -0.223802E+02
 -0.214809E+02
 -0.205816E+02
 -0.196823E+02
 -0.187830E+02
 -0.178837E+02
 -0.169844E+02
 -0.160850E+02
 -0.151857E+02
 -0.142864E+02
 -0.133871E+02
 -0.124878E+02
 -0.115885E+02
 -0.106892E+02
 -0.978986E+01
 -0.889055E+01
 -0.799124E+01
 -0.709193E+01
 -0.619261E+01
 -0.529330E+01
 -0.439399E+01
 -0.349468E+01
 -0.259537E+01
 -0.169605E+01
 -0.796743E+00
  0.102569E+00
  0.100188E+01
  0.190119E+01
  0.280050E+01
  0.369982E+01
  0.459913E+01
  0.549844E+01
  0.639775E+01
  0.729706E+01
  0.819638E+01
  0.909569E+01
  0.999500E+01
  0.108943E+02
  0.117936E+02
  0.126929E+02
  0.135922E+02
  0.144916E+02
  0.153909E+02
  0.162902E+02
  0.171895E+02
  0.180888E+02
  0.189881E+02
  0.198874E+02
  0.207867E+02
  0.216861E+02
  0.225854E+02
  0.234847E+02
  0.243840E+02
  0.252833E+02
  0.261826E+02
  0.270819E+02
  0.279812E+02
  0.288805E+02
  0.297799E+02
  0.306792E+02
  0.315785E+02
  0.324778E+02
  0.333771E+02
  0.342764E+02
  0.351757E+02
  0.360750E+02
  0.369744E+02
  0.378737E+02
  0.387730E+02
  0.396723E+02
  0.405716E+02
  0.414709E+02
  0.423702E+02
  0.432695E+02
  0.441688E+02
  0.450682E+02
  0.459675E+02
  0.468668E+02
  0.477661E+02
  0.486654E+02
  0.495647E+02
  0.504640E+02
  0.513633E+02
  0.522627E+02
  0.531620E+02
  0.540613E+02
  0.549606E+02
  0.558599E+02
  0.567592E+02
  0.576585E+02
  0.585578E+02
  0.594571E+02
  0.603565E+02
  0.612558E+02
  0.621551E+02
  0.630544E+02
  0.639537E+02
  0.648530E+02
  0.657523E+02
  0.666516E+02
  0.675510E+02
  0.684503E+02
  0.693496E+02
  0.702489E+02
  0.711482E+02
  0.720475E+02
  0.729468E+02
  0.738461E+02
  0.747454E+02
  0.756448E+02
  0.765441E+02
  0.774434E+02
  0.783427E+02
  0.792420E+02
  0.801413E+02
  0.810406E+02
  0.819399E+02
  0.828393E+02
  0.837386E+02
  0.846379E+02
  0.855372E+02
  0.864365E+02
  0.873358E+02
  0.882351E+02
  0.891344E+02
  0.000000E+00
  0.000000E+00
  0.000000E+00
  0.000000E+00
  0.000000E+00
  0.000000E+00
  0.000000E+00
  0.000000E+00
  0.000000E+00
  0.000000E+00
  0.000000E+00
  0.000000E+00
  0.000000E+00
  0.000000E+00
  0.000000E+00
  0.000000E+00
  0.000000E+00
  0.000000E+00
  0.000000E+00
  0.000000E+00
  0.000000E+00
  0.000000E+00
  0.000000E+00
  0.000000E+00
  0.000000E+00
  0.000000E+00
  0.000000E+00
  0.000000E+00
  0.000000E+00
  0.000000E+00
  0.000000E+00
  0.000000E+00
  0.000000E+00
  0.000000E+00
  0.000000E+00
  0.000000E+00
  0.000000E+00
  0.000000E+00
  0.000000E+00
  0.000000E+00
  0.000000E+00
  0.000000E+00
  0.000000E+00
  0.000000E+00
  0.000000E+00
  0.000000E+00
  0.000000E+00
  0.000000E+00
  0.000000E+00
  0.000000E+00
  0.000000E+00
  0.000000E+00
  0.000000E+00
  0.000000E+00
  0.000000E+00
  0.000000E+00
  0.000000E+00
  0.000000E+00
  0.000000E+00
  0.000000E+00
  0.000000E+00
  0.000000E+00
  0.000000E+00
  0.000000E+00
  0.000000E+00
  0.000000E+00
  0.000000E+00
  0.000000E+00
  0.000000E+00
  0.000000E+00
  0.000000E+00
  0.000000E+00
  0.000000E+00
  0.000000E+00
  0.000000E+00
  0.000000E+00
  0.000000E+00
  0.000000E+00
  0.000000E+00
  0.000000E+00
  0.000000E+00
  0.000000E+00
  0.000000E+00
  0.000000E+00
  0.000000E+00
  0.000000E+00
  0.000000E+00
  0.000000E+00
  0.000000E+00
  0.000000E+00
  0.000000E+00
  0.000000E+00
  0.000000E+00
  0.000000E+00
  0.000000E+00
  0.000000E+00
  0.000000E+00
  0.000000E+00
  0.000000E+00
  0.000000E+00
  0.000000E+00
  0.000000E+00
  0.000000E+00
  0.000000E+00
  0.000000E+00
  0.000000E+00
  0.000000E+00
  0.000000E+00
  0.000000E+00
  0.000000E+00
  0.000000E+00
  0.000000E+00
  0.000000E+00
  0.000000E+00
  0.000000E+00
  0.000000E+00
  0.000000E+00
  0.000000E+00
  0.000000E+00
  0.000000E+00
  0.000000E+00
  0.000000E+00
  0.000000E+00
  0.000000E+00
  0.000000E+00
  0.000000E+00
  0.000000E+00
  0.000000E+00
  0.000000E+00
  0.000000E+00
  0.000000E+00
  0.000000E+00
  0.000000E+00
  0.000000E+00
  0.000000E+00
  0.000000E+00
  0.000000E+00
  0.000000E+00
  0.000000E+00
  0.000000E+00
  0.000000E+00
  0.000000E+00
  0.000000E+00
  0.000000E+00
  0.000000E+00
  0.000000E+00
  0.000000E+00
  0.000000E+00
  0.000000E+00
  0.000000E+00
 -0.849806E-03
 -0.944663E+03
 -0.633265E+03
 -0.505354E+03
 -0.403318E+03
 -0.359328E+03
 -0.314346E+03
 -0.308932E+03
 -0.278623E+03
 -0.275626E+03
 -0.281428E+03
 -0.282178E+03
 -0.282624E+03
 -0.308000E+03
 -0.500301E+03
 -0.642133E+03
 -0.664542E+03
 -0.703991E+03
 -0.759407E+03
 -0.805980E+03
 -0.856048E+03
 -0.869694E+03
 -0.878302E+03
 -0.868914E+03
 -0.859363E+03
 -0.877262E+03
 -0.859466E+03
 -0.881660E+03
 -0.944420E+03
 -0.103676E+04
 -0.111321E+04
 -0.115673E+04
 -0.127483E+04
 -0.139748E+04
 -0.142870E+04
 -0.154558E+04
 -0.162934E+04
 -0.161947E+04
 -0.149489E+04
 -0.130204E+04
 -0.114841E+04
 -0.112562E+04
 -0.107226E+04
 -0.107219E+04
 -0.106425E+04
 -0.100560E+04
 -0.132043E+04
  0.225237E+04
  0.486425E+04
  0.612944E+04
  0.557148E+04
  0.398973E+04
  0.266872E+04
  0.204194E+04
  0.145458E+04
  0.902348E+03
  0.380590E+03
  0.154584E+03
  0.178305E+03
  0.201822E+03
  0.225135E+03
  0.248241E+03
  0.271138E+03
  0.293824E+03
  0.315727E+03
  0.332001E+03
  0.348126E+03
  0.364134E+03
  0.380058E+03
  0.395929E+03
  0.411779E+03
  0.427640E+03
  0.443542E+03
  0.452040E+03
  0.442084E+03
  0.432226E+03
  0.422470E+03
  0.412819E+03
  0.403276E+03
  0.393847E+03
  0.384534E+03
  0.375344E+03
  0.366281E+03
  0.355915E+03
  0.343419E+03
  0.331081E+03
  0.318902E+03
  0.306881E+03
  0.295018E+03
  0.283312E+03
  0.271763E+03
  0.260370E+03
  0.249134E+03
  0.238054E+03
  0.235328E+03
  0.233506E+03
  0.231631E+03
  0.229706E+03
  0.227733E+03
  0.225715E+03
  0.223653E+03
  0.221552E+03
  0.219413E+03
  0.217240E+03
  0.213327E+03
  0.207390E+03
  0.201461E+03
  0.195540E+03
  0.189628E+03
  0.183724E+03
  0.177828E+03
  0.171941E+03
  0.166064E+03
  0.160196E+03
  0.152972E+03
  0.145263E+03
  0.137675E+03
  0.130208E+03
  0.122862E+03
  0.115636E+03
  0.108531E+03
  0.101547E+03
  0.950454E+02
  0.921472E+02
  0.892873E+02
  0.864657E+02
  0.836825E+02
  0.809376E+02
  0.782312E+02
  0.755632E+02
  0.742519E+02
  0.730897E+02
  0.719041E+02
  0.706950E+02
  0.694626E+02
  0.683610E+02
  0.684669E+02
  0.684848E+02
  0.684149E+02
  0.682573E+02
  0.705403E+02
  0.739332E+02
  0.769298E+02
  0.807273E+02
  0.869943E+02
  0.921648E+02
  0.100468E+03
  0.107402E+03
  0.160400E+03
  0.126200E-03
  0.874579E-04
  0.152852E+05
  0.205201E+05
  0.232900E+05
  0.249568E+05
  0.258885E+05
  0.264200E+05
  0.266762E+05
  0.267212E+05
  0.265928E+05
  0.264148E+05
  0.261442E+05
  0.258275E+05
  0.254193E+05
  0.250710E+05
  0.250260E+05
  0.249372E+05
  0.247434E+05
  0.244542E+05
  0.240549E+05
  0.235984E+05
  0.230630E+05
  0.224878E+05
  0.219380E+05
  0.213507E+05
  0.208143E+05
  0.202491E+05
  0.196612E+05
  0.191001E+05
  0.185794E+05
  0.180842E+05
  0.175353E+05
  0.169233E+05
  0.163533E+05
  0.155493E+05
  0.145574E+05
  0.135662E+05
  0.125880E+05
  0.115125E+05
  0.102837E+05
  0.894386E+04
  0.766497E+04
  0.668984E+04
  0.589820E+04
  0.531256E+04
  0.508580E+04
  0.532303E+04
  0.546810E+04
  0.500829E+04
  0.425477E+04
  0.346041E+04
  0.251856E+04
  0.210711E+04
  0.191959E+04
  0.174620E+04
  0.158258E+04
  0.142441E+04
  0.134778E+04
  0.134359E+04
  0.133939E+04
  0.133521E+04
  0.133108E+04
  0.132703E+04
  0.132308E+04
  0.133879E+04
  0.153906E+04
  0.173487E+04
  0.192670E+04
  0.211507E+04
  0.230051E+04
  0.248360E+04
  0.266497E+04
  0.284528E+04
  0.301553E+04
  0.315850E+04
  0.329664E+04
  0.343024E+04
  0.355962E+04
  0.368509E+04
  0.380701E+04
  0.392574E+04
  0.404168E+04
  0.415524E+04
  0.426079E+04
  0.435384E+04
  0.444362E+04
  0.453017E+04
  0.461351E+04
  0.469370E+04
  0.477077E+04
  0.484476E+04
  0.491573E+04
  0.498373E+04
  0.504879E+04
  0.512638E+04
  0.520263E+04
  0.527582E+04
  0.534608E+04
  0.541352E+04
  0.547825E+04
  0.554038E+04
  0.560006E+04
  0.565741E+04
  0.571255E+04
  0.578538E+04
  0.587629E+04
  0.596074E+04
  0.603874E+04
  0.611032E+04
  0.617551E+04
  0.623436E+04
  0.628689E+04
  0.633316E+04
  0.637321E+04
  0.641840E+04
  0.646080E+04
  0.649533E+04
  0.652204E+04
  0.654099E+04
  0.655224E+04
  0.655589E+04
  0.655203E+04
  0.654896E+04
  0.661807E+04
  0.667897E+04
  0.673167E+04
  0.677618E+04
  0.681249E+04
  0.684063E+04
  0.686059E+04
  0.690127E+04
  0.693688E+04
  0.696367E+04
  0.698165E+04
  0.699082E+04
  0.698955E+04
  0.696680E+04
  0.693673E+04
  0.689935E+04
  0.685466E+04
  0.675590E+04
  0.662373E+04
  0.648515E+04
  0.629757E+04
  0.598930E+04
  0.568009E+04
  0.520456E+04
  0.469457E+04
  0.381391E+04
  0.457171E-03
 -0.126509E-04
 -0.140631E+02
 -0.942732E+01
 -0.752313E+01
 -0.600413E+01
 -0.534926E+01
 -0.467962E+01
 -0.459904E+01
 -0.414782E+01
 -0.410321E+01
 -0.418958E+01
 -0.420075E+01
 -0.420739E+01
 -0.458516E+01
 -0.744791E+01
 -0.955935E+01
 -0.989295E+01
 -0.104802E+02
 -0.113052E+02
 -0.119985E+02
 -0.127439E+02
 -0.129470E+02
 -0.130752E+02
 -0.129354E+02
 -0.127932E+02
 -0.130597E+02
 -0.127948E+02
 -0.131252E+02
 -0.140595E+02
 -0.154342E+02
 -0.165722E+02
 -0.172201E+02
 -0.189782E+02
 -0.208041E+02
 -0.212689E+02
 -0.230089E+02
 -0.242558E+02
 -0.241088E+02
 -0.222543E+02
 -0.193833E+02
 -0.170963E+02
 -0.167569E+02
 -0.159626E+02
 -0.159616E+02
 -0.158433E+02
 -0.149703E+02
 -0.196570E+02
  0.335308E+02
  0.724135E+02
  0.912482E+02
  0.829419E+02
  0.593945E+02
  0.397289E+02
  0.303981E+02
  0.216541E+02
  0.134331E+02
  0.566579E+01
  0.230127E+01
  0.265440E+01
  0.300450E+01
  0.335155E+01
  0.369553E+01
  0.403639E+01
  0.437411E+01
  0.470019E+01
  0.494246E+01
  0.518251E+01
  0.542082E+01
  0.565787E+01
  0.589414E+01
  0.613010E+01
  0.636622E+01
  0.660294E+01
  0.672946E+01
  0.658125E+01
  0.643450E+01
  0.628926E+01
  0.614558E+01
  0.600352E+01
  0.586314E+01
  0.572451E+01
  0.558769E+01
  0.545277E+01
  0.529845E+01
  0.511243E+01
  0.492876E+01
  0.474745E+01
  0.456850E+01
  0.439189E+01
  0.421762E+01
  0.404569E+01
  0.387610E+01
  0.370883E+01
  0.354388E+01
  0.350330E+01
  0.347617E+01
  0.344826E+01
  0.341960E+01
  0.339023E+01
  0.336018E+01
  0.332950E+01
  0.329821E+01
  0.326638E+01
  0.323402E+01
  0.317577E+01
  0.308739E+01
  0.299913E+01
  0.291098E+01
  0.282296E+01
  0.273507E+01
  0.264730E+01
  0.255967E+01
  0.247217E+01
  0.238482E+01
  0.227728E+01
  0.216251E+01
  0.204955E+01
  0.193839E+01
  0.182902E+01
  0.172146E+01
  0.161569E+01
  0.151172E+01
  0.141493E+01
  0.137178E+01
  0.132921E+01
  0.128720E+01
  0.124577E+01
  0.120491E+01
  0.116462E+01
  0.112490E+01
  0.110538E+01
  0.108808E+01
  0.107043E+01
  0.105243E+01
  0.103408E+01
  0.101768E+01
  0.101926E+01
  0.101952E+01
  0.101848E+01
  0.101614E+01
  0.105012E+01
  0.110063E+01
  0.114524E+01
  0.120178E+01
  0.129507E+01
  0.137204E+01
  0.149565E+01
  0.159888E+01
  0.238786E+01
  0.187872E-05
  0.958928E-08
  0.167594E+01
  0.224992E+01
  0.255362E+01
  0.273638E+01
  0.283853E+01
  0.289681E+01
  0.292490E+01
  0.292983E+01
  0.291576E+01
  0.289624E+01
  0.286657E+01
  0.283184E+01
  0.278709E+01
  0.274890E+01
  0.274397E+01
  0.273423E+01
  0.271298E+01
  0.268127E+01
  0.263748E+01
  0.258743E+01
  0.252874E+01
  0.246566E+01
  0.240538E+01
  0.234099E+01
  0.228217E+01
  0.222021E+01
  0.215574E+01
  0.209423E+01
  0.203713E+01
  0.198284E+01
  0.192265E+01
  0.185554E+01
  0.179305E+01
  0.170490E+01
  0.159614E+01
  0.148746E+01
  0.138020E+01
  0.126229E+01
  0.112755E+01
  0.980645E+00
  0.840422E+00
  0.733505E+00
  0.646705E+00
  0.582493E+00
  0.557630E+00
  0.583642E+00
  0.599548E+00
  0.549131E+00
  0.466512E+00
  0.379415E+00
  0.276146E+00
  0.231033E+00
  0.210473E+00
  0.191461E+00
  0.173521E+00
  0.156179E+00
  0.147776E+00
  0.147317E+00
  0.146857E+00
  0.146399E+00
  0.145946E+00
  0.145502E+00
  0.145068E+00
  0.146791E+00
  0.168750E+00
  0.190219E+00
  0.211253E+00
  0.231906E+00
  0.252238E+00
  0.272313E+00
  0.292200E+00
  0.311970E+00
  0.330637E+00
  0.346312E+00
  0.361459E+00
  0.376108E+00
  0.390293E+00
  0.404050E+00
  0.417418E+00
  0.430436E+00
  0.443148E+00
  0.455600E+00
  0.467172E+00
  0.477375E+00
  0.487219E+00
  0.496708E+00
  0.505847E+00
  0.514639E+00
  0.523089E+00
  0.531202E+00
  0.538984E+00
  0.546438E+00
  0.553573E+00
  0.562080E+00
  0.570440E+00
  0.578465E+00
  0.586169E+00
  0.593563E+00
  0.600660E+00
  0.607473E+00
  0.614016E+00
  0.620304E+00
  0.626351E+00
  0.634335E+00
  0.644303E+00
  0.653562E+00
  0.662115E+00
  0.669963E+00
  0.677112E+00
  0.683563E+00
  0.689323E+00
  0.694396E+00
  0.698788E+00
  0.703742E+00
  0.708392E+00
  0.712178E+00
  0.715106E+00
  0.717184E+00
  0.718418E+00
  0.718818E+00
  0.718394E+00
  0.718058E+00
  0.725636E+00
  0.732313E+00
  0.738091E+00
  0.742971E+00
  0.746953E+00
  0.750038E+00
  0.752226E+00
  0.756687E+00
  0.760591E+00
  0.763528E+00
  0.765500E+00
  0.766506E+00
  0.766367E+00
  0.763871E+00
  0.760574E+00
  0.756476E+00
  0.751576E+00
  0.740747E+00
  0.726256E+00
  0.711062E+00
  0.690495E+00
  0.656695E+00
  0.622791E+00
  0.570651E+00
  0.514734E+00
  0.418175E+00
  0.501264E-07
 -0.107742E+03
 -0.100141E+00
 -0.680995E-01
 -0.553195E-01
 -0.449885E-01
 -0.408753E-01
 -0.364892E-01
 -0.366161E-01
 -0.337366E-01
 -0.341091E-01
 -0.356104E-01
 -0.365269E-01
 -0.374444E-01
 -0.417854E-01
 -0.695423E-01
 -0.915057E-01
 -0.971412E-01
 -0.105626E+00
 -0.117033E+00
 -0.127674E+00
 -0.139495E+00
 -0.145901E+00
 -0.151825E+00
 -0.154912E+00
 -0.158168E+00
 -0.166872E+00
 -0.169171E+00
 -0.179812E+00
 -0.199825E+00
 -0.227894E+00
 -0.254597E+00
 -0.275695E+00
 -0.317434E+00
 -0.364377E+00
 -0.390946E+00
 -0.444936E+00
 -0.494472E+00
 -0.519669E+00
 -0.509542E+00
 -0.473253E+00
 -0.447040E+00
 -0.471624E+00
 -0.487641E+00
 -0.535805E+00
 -0.590165E+00
 -0.626327E+00
 -0.938179E+00
  0.185984E+01
  0.477591E+01
  0.742118E+01
  0.885532E+01
  0.903148E+01
  0.810911E+01
  0.621671E+01
  0.443402E+01
  0.275045E+01
  0.115778E+01
  0.468742E+00
  0.538290E+00
  0.606616E+00
  0.673732E+00
  0.739648E+00
  0.804374E+00
  0.867918E+00
  0.928714E+00
  0.973476E+00
  0.101751E+01
  0.106090E+01
  0.110377E+01
  0.114619E+01
  0.118828E+01
  0.123011E+01
  0.127178E+01
  0.129581E+01
  0.127624E+01
  0.125666E+01
  0.123708E+01
  0.121751E+01
  0.119796E+01
  0.117845E+01
  0.115898E+01
  0.113957E+01
  0.112025E+01
  0.109705E+01
  0.106756E+01
  0.103804E+01
  0.100851E+01
  0.978955E+00
  0.949381E+00
  0.919786E+00
  0.890168E+00
  0.860526E+00
  0.830859E+00
  0.801165E+00
  0.801812E+00
  0.805885E+00
  0.809874E+00
  0.813786E+00
  0.817624E+00
  0.821394E+00
  0.825104E+00
  0.828758E+00
  0.832366E+00
  0.835936E+00
  0.833356E+00
  0.823310E+00
  0.812958E+00
  0.802286E+00
  0.791277E+00
  0.779916E+00
  0.768184E+00
  0.756063E+00
  0.743533E+00
  0.730574E+00
  0.710636E+00
  0.687565E+00
  0.664186E+00
  0.640480E+00
  0.616427E+00
  0.592005E+00
  0.567192E+00
  0.541965E+00
  0.518207E+00
  0.512895E+00
  0.507571E+00
  0.502235E+00
  0.496886E+00
  0.491523E+00
  0.486146E+00
  0.480753E+00
  0.483177E+00
  0.486605E+00
  0.490032E+00
  0.493460E+00
  0.496888E+00
  0.501386E+00
  0.514683E+00
  0.527981E+00
  0.541278E+00
  0.554576E+00
  0.591082E+00
  0.640899E+00
  0.690715E+00
  0.754315E+00
  0.856013E+00
  0.957710E+00
  0.112528E+01
  0.131158E+01
  0.229021E+01
  0.380426E+02
  0.110883E+02
  0.162034E+01
  0.220668E+01
  0.254949E+01
  0.278383E+01
  0.294494E+01
  0.306683E+01
  0.316178E+01
  0.323549E+01
  0.329089E+01
  0.334238E+01
  0.338427E+01
  0.342184E+01
  0.344855E+01
  0.348489E+01
  0.356628E+01
  0.364526E+01
  0.371248E+01
  0.376865E+01
  0.381050E+01
  0.384541E+01
  0.386909E+01
  0.388727E+01
  0.391114E+01
  0.392965E+01
  0.395928E+01
  0.398569E+01
  0.400985E+01
  0.404131E+01
  0.408400E+01
  0.413596E+01
  0.417936E+01
  0.421393E+01
  0.426394E+01
  0.425486E+01
  0.419073E+01
  0.411707E+01
  0.403934E+01
  0.392411E+01
  0.373781E+01
  0.348155E+01
  0.321155E+01
  0.304240E+01
  0.294750E+01
  0.294601E+01
  0.316763E+01
  0.378208E+01
  0.451515E+01
  0.491733E+01
  0.515144E+01
  0.549997E+01
  0.570122E+01
  0.640261E+01
  0.584420E+01
  0.532298E+01
  0.482388E+01
  0.433315E+01
  0.408684E+01
  0.405619E+01
  0.402580E+01
  0.399572E+01
  0.396604E+01
  0.393685E+01
  0.390821E+01
  0.393807E+01
  0.451275E+01
  0.507070E+01
  0.561345E+01
  0.614260E+01
  0.665985E+01
  0.716696E+01
  0.766581E+01
  0.815834E+01
  0.864426E+01
  0.911819E+01
  0.958472E+01
  0.100445E+02
  0.104983E+02
  0.109468E+02
  0.113911E+02
  0.118321E+02
  0.122708E+02
  0.127086E+02
  0.131332E+02
  0.135344E+02
  0.139321E+02
  0.143264E+02
  0.147172E+02
  0.151046E+02
  0.154886E+02
  0.158692E+02
  0.162465E+02
  0.166206E+02
  0.169916E+02
  0.174666E+02
  0.179555E+02
  0.184464E+02
  0.189397E+02
  0.194360E+02
  0.199358E+02
  0.204396E+02
  0.209481E+02
  0.214619E+02
  0.219818E+02
  0.226004E+02
  0.233280E+02
  0.240534E+02
  0.247764E+02
  0.254971E+02
  0.262154E+02
  0.269313E+02
  0.276448E+02
  0.283560E+02
  0.290650E+02
  0.298168E+02
  0.305806E+02
  0.313355E+02
  0.320813E+02
  0.328177E+02
  0.335446E+02
  0.342616E+02
  0.349687E+02
  0.357063E+02
  0.368364E+02
  0.379679E+02
  0.391009E+02
  0.402353E+02
  0.413714E+02
  0.425092E+02
  0.436489E+02
  0.449084E+02
  0.461832E+02
  0.474580E+02
  0.487328E+02
  0.500075E+02
  0.512641E+02
  0.523713E+02
  0.534784E+02
  0.545855E+02
  0.556927E+02
  0.566100E+02
  0.574185E+02
  0.582270E+02
  0.588445E+02
  0.589340E+02
  0.590235E+02
  0.582931E+02
  0.573296E+02
  0.544553E+02
  0.137813E+03
 -0.107639E+03
 -0.999293E-01
 -0.678680E-01
 -0.550412E-01
 -0.446587E-01
 -0.405537E-01
 -0.361510E-01
 -0.362690E-01
 -0.333859E-01
 -0.337271E-01
 -0.352101E-01
 -0.361204E-01
 -0.370023E-01
 -0.412973E-01
 -0.689561E-01
 -0.908216E-01
 -0.963989E-01
 -0.104821E+00
 -0.116243E+00
 -0.126921E+00
 -0.138662E+00
 -0.144964E+00
 -0.150764E+00
 -0.153778E+00
 -0.156945E+00
 -0.165486E+00
 -0.167612E+00
 -0.178059E+00
 -0.197845E+00
 -0.225663E+00
 -0.252116E+00
 -0.272958E+00
 -0.314462E+00
 -0.361309E+00
 -0.387790E+00
 -0.441578E+00
 -0.490685E+00
 -0.515439E+00
 -0.504909E+00
 -0.468184E+00
 -0.441455E+00
 -0.465486E+00
 -0.480981E+00
 -0.528600E+00
 -0.582354E+00
 -0.617895E+00
 -0.929620E+00
  0.186756E+01
  0.478182E+01
  0.742434E+01
  0.885407E+01
  0.902732E+01
  0.810208E+01
  0.620752E+01
  0.442273E+01
  0.273712E+01
  0.114246E+01
  0.452154E+00
  0.521093E+00
  0.588823E+00
  0.655356E+00
  0.720701E+00
  0.784869E+00
  0.847867E+00
  0.908180E+00
  0.952951E+00
  0.996991E+00
  0.104040E+01
  0.108327E+01
  0.112571E+01
  0.116779E+01
  0.120963E+01
  0.125130E+01
  0.127534E+01
  0.125580E+01
  0.123625E+01
  0.121670E+01
  0.119716E+01
  0.117764E+01
  0.115816E+01
  0.113873E+01
  0.111936E+01
  0.110008E+01
  0.107692E+01
  0.104744E+01
  0.101795E+01
  0.988449E+00
  0.958926E+00
  0.929384E+00
  0.899822E+00
  0.870239E+00
  0.840634E+00
  0.811007E+00
  0.781355E+00
  0.782151E+00
  0.786388E+00
  0.790544E+00
  0.794624E+00
  0.798632E+00
  0.802575E+00
  0.806459E+00
  0.810291E+00
  0.814079E+00
  0.817831E+00
  0.815488E+00
  0.805745E+00
  0.795700E+00
  0.785338E+00
  0.774645E+00
  0.763603E+00
  0.752195E+00
  0.740403E+00
  0.728208E+00
  0.715588E+00
  0.695938E+00
  0.673134E+00
  0.650024E+00
  0.626589E+00
  0.602810E+00
  0.578665E+00
  0.554132E+00
  0.529187E+00
  0.505704E+00
  0.500560E+00
  0.495405E+00
  0.490237E+00
  0.485056E+00
  0.479862E+00
  0.474652E+00
  0.469427E+00
  0.471962E+00
  0.475494E+00
  0.479026E+00
  0.482557E+00
  0.486089E+00
  0.490668E+00
  0.503853E+00
  0.517039E+00
  0.530224E+00
  0.543409E+00
  0.579695E+00
  0.629230E+00
  0.678765E+00
  0.742166E+00
  0.843896E+00
  0.945625E+00
  0.111434E+01
  0.130211E+01
  0.228441E+01
  0.380462E+02
  0.111063E+02
  0.161862E+01
  0.220428E+01
  0.254667E+01
  0.278074E+01
  0.294164E+01
  0.306335E+01
  0.315816E+01
  0.323174E+01
  0.328704E+01
  0.333842E+01
  0.338022E+01
  0.341772E+01
  0.344436E+01
  0.348047E+01
  0.356155E+01
  0.364011E+01
  0.370695E+01
  0.376274E+01
  0.380430E+01
  0.383894E+01
  0.386235E+01
  0.388028E+01
  0.390398E+01
  0.392239E+01
  0.395198E+01
  0.397835E+01
  0.400242E+01
  0.403374E+01
  0.407626E+01
  0.412803E+01
  0.417115E+01
  0.420536E+01
  0.425499E+01
  0.424558E+01
  0.418116E+01
  0.410715E+01
  0.402893E+01
  0.391321E+01
  0.372637E+01
  0.346953E+01
  0.319897E+01
  0.302895E+01
  0.293288E+01
  0.292993E+01
  0.314954E+01
  0.376096E+01
  0.449718E+01
  0.490072E+01
  0.513269E+01
  0.547530E+01
  0.566873E+01
  0.636620E+01
  0.580823E+01
  0.528757E+01
  0.478913E+01
  0.429915E+01
  0.405314E+01
  0.402241E+01
  0.399191E+01
  0.396173E+01
  0.393195E+01
  0.390264E+01
  0.387390E+01
  0.390365E+01
  0.447828E+01
  0.503616E+01
  0.557882E+01
  0.610787E+01
  0.662500E+01
  0.713198E+01
  0.763068E+01
  0.812305E+01
  0.860876E+01
  0.908236E+01
  0.954856E+01
  0.100080E+02
  0.104615E+02
  0.109097E+02
  0.113537E+02
  0.117944E+02
  0.122328E+02
  0.126703E+02
  0.130946E+02
  0.134953E+02
  0.138926E+02
  0.142864E+02
  0.146768E+02
  0.150638E+02
  0.154474E+02
  0.158277E+02
  0.162047E+02
  0.165785E+02
  0.169491E+02
  0.174234E+02
  0.179114E+02
  0.184014E+02
  0.188938E+02
  0.193892E+02
  0.198881E+02
  0.203909E+02
  0.208985E+02
  0.214113E+02
  0.219302E+02
  0.225479E+02
  0.232750E+02
  0.239999E+02
  0.247225E+02
  0.254428E+02
  0.261608E+02
  0.268764E+02
  0.275898E+02
  0.283010E+02
  0.290099E+02
  0.297616E+02
  0.305252E+02
  0.312801E+02
  0.320261E+02
  0.327628E+02
  0.334902E+02
  0.342079E+02
  0.349158E+02
  0.356543E+02
  0.367829E+02
  0.379129E+02
  0.390443E+02
  0.401773E+02
  0.413118E+02
  0.424482E+02
  0.435864E+02
  0.448445E+02
  0.461179E+02
  0.473912E+02
  0.486645E+02
  0.499379E+02
  0.511931E+02
  0.522990E+02
  0.534049E+02
  0.545108E+02
  0.556167E+02
  0.565331E+02
  0.573407E+02
  0.581484E+02
  0.587653E+02
  0.588550E+02
  0.589447E+02
  0.582159E+02
  0.572544E+02
  0.543849E+02
  0.137808E+03
 -0.102566E+00
 -0.211235E-03
 -0.231519E-03
 -0.278267E-03
 -0.329817E-03
 -0.321525E-03
 -0.338203E-03
 -0.347104E-03
 -0.350682E-03
 -0.381964E-03
 -0.400309E-03
 -0.406469E-03
 -0.442122E-03
 -0.488097E-03
 -0.586214E-03
 -0.684109E-03
 -0.742388E-03
 -0.805766E-03
 -0.789550E-03
 -0.753480E-03
 -0.832811E-03
 -0.937481E-03
 -0.106070E-02
 -0.113310E-02
 -0.122343E-02
 -0.138556E-02
 -0.155865E-02
 -0.175328E-02
 -0.198042E-02
 -0.223128E-02
 -0.248027E-02
 -0.273708E-02
 -0.297220E-02
 -0.306789E-02
 -0.315555E-02
 -0.335770E-02
 -0.378740E-02
 -0.422989E-02
 -0.463316E-02
 -0.506944E-02
 -0.558511E-02
 -0.613822E-02
 -0.666015E-02
 -0.720581E-02
 -0.781187E-02
 -0.843198E-02
 -0.855966E-02
 -0.771836E-02
 -0.590189E-02
 -0.316205E-02
  0.125445E-02
  0.415947E-02
  0.702487E-02
  0.918946E-02
  0.112877E-01
  0.133293E-01
  0.153202E-01
  0.165879E-01
  0.171966E-01
  0.177926E-01
  0.183761E-01
  0.189471E-01
  0.195055E-01
  0.200515E-01
  0.205343E-01
  0.205250E-01
  0.205155E-01
  0.205063E-01
  0.204974E-01
  0.204893E-01
  0.204821E-01
  0.204761E-01
  0.204716E-01
  0.204631E-01
  0.204392E-01
  0.204128E-01
  0.203840E-01
  0.203530E-01
  0.203199E-01
  0.202850E-01
  0.202483E-01
  0.202103E-01
  0.201711E-01
  0.201376E-01
  0.201133E-01
  0.200871E-01
  0.200592E-01
  0.200294E-01
  0.199978E-01
  0.199642E-01
  0.199288E-01
  0.198914E-01
  0.198520E-01
  0.198106E-01
  0.196607E-01
  0.194965E-01
  0.193304E-01
  0.191621E-01
  0.189918E-01
  0.188192E-01
  0.186444E-01
  0.184671E-01
  0.182874E-01
  0.181051E-01
  0.178678E-01
  0.175649E-01
  0.172582E-01
  0.169475E-01
  0.166325E-01
  0.163130E-01
  0.159889E-01
  0.156599E-01
  0.153257E-01
  0.149863E-01
  0.146980E-01
  0.144314E-01
  0.141623E-01
  0.138908E-01
  0.136166E-01
  0.133397E-01
  0.130600E-01
  0.127775E-01
  0.125029E-01
  0.123346E-01
  0.121663E-01
  0.119980E-01
  0.118299E-01
  0.116619E-01
  0.114940E-01
  0.113262E-01
  0.112149E-01
  0.111109E-01
  0.110068E-01
  0.109028E-01
  0.107987E-01
  0.107181E-01
  0.108302E-01
  0.109423E-01
  0.110544E-01
  0.111664E-01
  0.113865E-01
  0.116684E-01
  0.119503E-01
  0.121489E-01
  0.121171E-01
  0.120853E-01
  0.109358E-01
  0.946840E-02
  0.579630E-02
 -0.360217E-02
 -0.180928E-01
  0.171502E-02
  0.239832E-02
  0.281164E-02
  0.309808E-02
  0.330243E-02
  0.347660E-02
  0.361776E-02
  0.374258E-02
  0.385309E-02
  0.396000E-02
  0.404533E-02
  0.411903E-02
  0.418436E-02
  0.442296E-02
  0.473271E-02
  0.515601E-02
  0.553264E-02
  0.590607E-02
  0.619883E-02
  0.647191E-02
  0.673955E-02
  0.699000E-02
  0.715839E-02
  0.726499E-02
  0.730086E-02
  0.734732E-02
  0.742690E-02
  0.757221E-02
  0.773512E-02
  0.793521E-02
  0.820476E-02
  0.856811E-02
  0.894896E-02
  0.928046E-02
  0.957760E-02
  0.992420E-02
  0.104095E-01
  0.109067E-01
  0.114424E-01
  0.120287E-01
  0.125888E-01
  0.134418E-01
  0.146265E-01
  0.160767E-01
  0.180863E-01
  0.211211E-01
  0.179696E-01
  0.166108E-01
  0.187460E-01
  0.246711E-01
  0.324895E-01
  0.364190E-01
  0.359707E-01
  0.354094E-01
  0.347456E-01
  0.339988E-01
  0.336969E-01
  0.337867E-01
  0.338839E-01
  0.339871E-01
  0.340948E-01
  0.342053E-01
  0.343170E-01
  0.344216E-01
  0.344735E-01
  0.345437E-01
  0.346312E-01
  0.347350E-01
  0.348537E-01
  0.349859E-01
  0.351299E-01
  0.352836E-01
  0.354949E-01
  0.358287E-01
  0.361567E-01
  0.364795E-01
  0.367972E-01
  0.371102E-01
  0.374188E-01
  0.377235E-01
  0.380244E-01
  0.383220E-01
  0.386803E-01
  0.391279E-01
  0.395596E-01
  0.399752E-01
  0.403745E-01
  0.407576E-01
  0.411242E-01
  0.414742E-01
  0.418076E-01
  0.421243E-01
  0.424244E-01
  0.432363E-01
  0.441156E-01
  0.450039E-01
  0.459028E-01
  0.468138E-01
  0.477388E-01
  0.486797E-01
  0.496386E-01
  0.506178E-01
  0.516199E-01
  0.524530E-01
  0.530192E-01
  0.535226E-01
  0.539602E-01
  0.543291E-01
  0.546262E-01
  0.548481E-01
  0.549914E-01
  0.550526E-01
  0.550280E-01
  0.552013E-01
  0.553623E-01
  0.553724E-01
  0.552232E-01
  0.549062E-01
  0.544121E-01
  0.537315E-01
  0.528545E-01
  0.520209E-01
  0.535291E-01
  0.550345E-01
  0.565367E-01
  0.580357E-01
  0.595312E-01
  0.610228E-01
  0.625105E-01
  0.639431E-01
  0.653688E-01
  0.667946E-01
  0.682204E-01
  0.696462E-01
  0.710504E-01
  0.722776E-01
  0.735048E-01
  0.747320E-01
  0.759592E-01
  0.769359E-01
  0.777689E-01
  0.786019E-01
  0.791639E-01
  0.789769E-01
  0.787899E-01
  0.772185E-01
  0.752533E-01
  0.703476E-01
  0.489180E-02
  0.127324E+01
  0.127321E+01
  0.127312E+01
  0.127298E+01
  0.127278E+01
  0.127252E+01
  0.127221E+01
  0.127183E+01
  0.127140E+01
  0.127091E+01
  0.127037E+01
  0.126977E+01
  0.126910E+01
  0.126838E+01
  0.126761E+01
  0.126677E+01
  0.126588E+01
  0.126493E+01
  0.126391E+01
  0.126285E+01
  0.126172E+01
  0.126053E+01
  0.125928E+01
  0.125798E+01
  0.125661E+01
  0.125519E+01
  0.125371E+01
  0.125216E+01
  0.125056E+01
  0.124889E+01
  0.124716E+01
  0.124538E+01
  0.124353E+01
  0.124162E+01
  0.123965E+01
  0.123761E+01
  0.123552E+01
  0.123336E+01
  0.123114E+01
  0.122885E+01
  0.122650E+01
  0.122409E+01
  0.122161E+01
  0.121907E+01
  0.121646E+01
  0.121378E+01
  0.121104E+01
  0.120824E+01
  0.120536E+01
  0.120242E+01
  0.119941E+01
  0.119633E+01
  0.119318E+01
  0.118997E+01
  0.118668E+01
  0.118332E+01
  0.117989E+01
  0.117639E+01
  0.117282E+01
  0.116917E+01
  0.116545E+01
  0.116165E+01
  0.115778E+01
  0.115383E+01
  0.114980E+01
  0.114570E+01
  0.114152E+01
  0.113725E+01
  0.113291E+01
  0.112849E+01
  0.112398E+01
  0.111939E+01
  0.111472E+01
  0.110996E+01
  0.110511E+01
  0.110018E+01
  0.109516E+01
  0.109004E+01
  0.108484E+01
  0.107954E+01
  0.107415E+01
  0.106867E+01
  0.106308E+01
  0.105740E+01
  0.105162E+01
  0.104574E+01
  0.103975E+01
  0.103366E+01
  0.102746E+01
  0.102115E+01
  0.101473E+01
  0.100819E+01
  0.100154E+01
  0.994777E+00
  0.987889E+00
  0.980879E+00
  0.973744E+00
  0.966480E+00
  0.959086E+00
  0.951557E+00
  0.943890E+00
  0.936083E+00
  0.928132E+00
  0.920032E+00
  0.911781E+00
  0.903373E+00
  0.894805E+00
  0.886071E+00
  0.877167E+00
  0.868088E+00
  0.858828E+00
  0.849381E+00
  0.839740E+00
  0.829900E+00
  0.819853E+00
  0.809590E+00
  0.799105E+00
  0.788387E+00
  0.777428E+00
  0.766217E+00
  0.754743E+00
  0.742993E+00
  0.730955E+00
  0.718613E+00
  0.705952E+00
  0.692955E+00
  0.679601E+00
  0.665870E+00
  0.651739E+00
  0.637179E+00
  0.622161E+00
  0.606651E+00
  0.590611E+00
  0.573995E+00
  0.556753E+00
  0.538824E+00
  0.520137E+00
  0.500608E+00
  0.480133E+00
  0.458585E+00
  0.435807E+00
  0.411593E+00
  0.385673E+00
  0.357677E+00
  0.327071E+00
  0.293040E+00
  0.254212E+00
  0.207914E+00
  0.147266E+00
  0.000000E+00
  0.144565E+00
  0.192996E-02
  0.238018E-02
  0.275920E-02
  0.310565E-02
  0.344893E-02
  0.378125E-02
  0.413367E-02
  0.451338E-02
  0.492062E-02
  0.535726E-02
  0.584406E-02
  0.637127E-02
  0.694666E-02
  0.761301E-02
  0.842980E-02
  0.931365E-02
  0.102749E-01
  0.112934E-01
  0.126670E-01
  0.141660E-01
  0.157908E-01
  0.175326E-01
  0.193602E-01
  0.213663E-01
  0.235146E-01
  0.258469E-01
  0.283753E-01
  0.296821E-01
  0.326690E-01
  0.359171E-01
  0.394407E-01
  0.432855E-01
  0.475345E-01
  0.536077E-01
  0.608677E-01
  0.689358E-01
  0.779514E-01
  0.880630E-01
  0.991799E-01
  0.107863E+00
  0.123258E+00
  0.141383E+00
  0.161066E+00
  0.182953E+00
  0.210459E+00
  0.244994E+00
  0.277145E+00
  0.326333E+00
  0.397662E+00
  0.523255E+00
  0.739432E+00
  0.984743E+00
  0.983515E+00
  0.983618E+00
  0.984238E+00
  0.986006E+00
  0.977295E+00
  0.956961E+00
  0.936805E+00
  0.916825E+00
  0.897311E+00
  0.879539E+00
  0.862514E+00
  0.844648E+00
  0.817468E+00
  0.790451E+00
  0.763598E+00
  0.736908E+00
  0.710383E+00
  0.684023E+00
  0.658157E+00
  0.638611E+00
  0.620171E+00
  0.604064E+00
  0.587718E+00
  0.571130E+00
  0.554296E+00
  0.537213E+00
  0.519875E+00
  0.502281E+00
  0.485327E+00
  0.469434E+00
  0.458329E+00
  0.451517E+00
  0.444589E+00
  0.437541E+00
  0.430371E+00
  0.423076E+00
  0.415652E+00
  0.408098E+00
  0.400409E+00
  0.392584E+00
  0.384617E+00
  0.379329E+00
  0.374240E+00
  0.369020E+00
  0.363665E+00
  0.358169E+00
  0.352527E+00
  0.346734E+00
  0.340784E+00
  0.334670E+00
  0.328386E+00
  0.322593E+00
  0.317421E+00
  0.312078E+00
  0.306556E+00
  0.300847E+00
  0.294940E+00
  0.288826E+00
  0.282493E+00
  0.275932E+00
  0.269128E+00
  0.264766E+00
  0.261422E+00
  0.257948E+00
  0.254336E+00
  0.250578E+00
  0.246665E+00
  0.243104E+00
  0.240551E+00
  0.238844E+00
  0.238584E+00
  0.238312E+00
  0.238029E+00
  0.237733E+00
  0.237424E+00
  0.237100E+00
  0.236761E+00
  0.236722E+00
  0.236722E+00
  0.236722E+00
  0.236722E+00
  0.236722E+00
  0.236722E+00
  0.236722E+00
  0.236722E+00
  0.236722E+00
  0.236722E+00
  0.236722E+00
  0.236722E+00
  0.236722E+00
  0.236722E+00
  0.236722E+00
  0.236722E+00
  0.236722E+00
  0.236722E+00
  0.241200E+00
  0.230674E+00
 -0.899087E+02
 -0.899999E+02
 -0.899985E+02
 -0.899963E+02
 -0.899933E+02
 -0.899896E+02
 -0.899855E+02
 -0.899806E+02
 -0.899754E+02
 -0.899694E+02
 -0.899625E+02
 -0.899553E+02
 -0.899468E+02
 -0.899364E+02
 -0.899255E+02
 -0.899139E+02
 -0.899001E+02
 -0.898836E+02
 -0.898661E+02
 -0.898477E+02
 -0.898275E+02
 -0.898035E+02
 -0.897766E+02
 -0.897480E+02
 -0.897175E+02
 -0.896844E+02
 -0.896476E+02
 -0.896065E+02
 -0.896615E+02
 -0.896214E+02
 -0.895780E+02
 -0.895301E+02
 -0.894782E+02
 -0.894215E+02
 -0.893591E+02
 -0.892903E+02
 -0.892069E+02
 -0.891086E+02
 -0.889955E+02
 -0.888674E+02
 -0.890992E+02
 -0.889675E+02
 -0.888163E+02
 -0.886727E+02
 -0.884975E+02
 -0.882792E+02
 -0.880485E+02
 -0.889053E+02
 -0.888233E+02
 -0.887030E+02
 -0.897493E+02
 -0.874452E+02
  0.667171E+02
  0.652022E+02
  0.636824E+02
  0.674285E+02
  0.657807E+02
  0.757947E+02
  0.758072E+02
  0.758196E+02
  0.758319E+02
  0.758441E+02
  0.758561E+02
  0.758681E+02
  0.758979E+02
  0.760987E+02
  0.762982E+02
  0.764964E+02
  0.766933E+02
  0.768891E+02
  0.770835E+02
  0.772768E+02
  0.774688E+02
  0.776667E+02
  0.778842E+02
  0.781047E+02
  0.783284E+02
  0.785553E+02
  0.787855E+02
  0.790190E+02
  0.792559E+02
  0.794964E+02
  0.797403E+02
  0.799520E+02
  0.801097E+02
  0.802700E+02
  0.804332E+02
  0.805992E+02
  0.807681E+02
  0.809400E+02
  0.811150E+02
  0.812931E+02
  0.814744E+02
  0.816591E+02
  0.818104E+02
  0.819612E+02
  0.821159E+02
  0.822748E+02
  0.824379E+02
  0.826055E+02
  0.827776E+02
  0.829546E+02
  0.831366E+02
  0.833238E+02
  0.834959E+02
  0.836487E+02
  0.838065E+02
  0.839696E+02
  0.841383E+02
  0.843128E+02
  0.844934E+02
  0.846806E+02
  0.848745E+02
  0.850757E+02
  0.852360E+02
  0.853810E+02
  0.855316E+02
  0.856881E+02
  0.858509E+02
  0.860204E+02
  0.861968E+02
  0.863808E+02
  0.865661E+02
  0.866932E+02
  0.868256E+02
  0.869639E+02
  0.871083E+02
  0.872592E+02
  0.874172E+02
  0.875827E+02
  0.877045E+02
  0.878251E+02
  0.879515E+02
  0.880839E+02
  0.882230E+02
  0.883652E+02
  0.884822E+02
  0.886051E+02
  0.887345E+02
  0.888708E+02
  0.889954E+02
  0.891170E+02
  0.892472E+02
  0.893769E+02
  0.894890E+02
  0.896137E+02
  0.897177E+02
  0.898288E+02
  0.899243E+02
 -0.899959E+02
  0.128775E-06
  0.154014E+03
  0.151822E+03
  0.149146E+03
  0.146366E+03
  0.143524E+03
  0.140649E+03
  0.137748E+03
  0.134837E+03
  0.131930E+03
  0.129028E+03
  0.126126E+03
  0.123230E+03
  0.120343E+03
  0.117456E+03
  0.114570E+03
  0.111690E+03
  0.108815E+03
  0.105940E+03
  0.103066E+03
  0.100192E+03
  0.973199E+02
  0.944485E+02
  0.915771E+02
  0.887057E+02
  0.858302E+02
  0.829462E+02
  0.800527E+02
  0.771629E+02
  0.742747E+02
  0.713867E+02
  0.685011E+02
  0.655679E+02
  0.626164E+02
  0.596650E+02
  0.567138E+02
  0.537977E+02
  0.508792E+02
  0.478987E+02
  0.449184E+02
  0.419417E+02
  0.389663E+02
  0.359000E+02
  0.326707E+02
  0.294418E+02
  0.262131E+02
  0.229786E+02
  0.197724E+02
  0.166285E+02
  0.134847E+02
  0.102721E+02
  0.721237E+01
  0.537309E+01
  0.536262E+01
  0.535590E+01
  0.535629E+01
  0.536692E+01
  0.538423E+01
  0.540805E+01
  0.543187E+01
  0.545569E+01
  0.547951E+01
  0.550333E+01
  0.552716E+01
  0.555040E+01
  0.556812E+01
  0.558590E+01
  0.560375E+01
  0.562167E+01
  0.563966E+01
  0.565771E+01
  0.567583E+01
  0.569401E+01
  0.569548E+01
  0.565543E+01
  0.561547E+01
  0.557559E+01
  0.553579E+01
  0.549608E+01
  0.545646E+01
  0.541694E+01
  0.537751E+01
  0.533817E+01
  0.529678E+01
  0.525203E+01
  0.520731E+01
  0.516264E+01
  0.511801E+01
  0.507342E+01
  0.502888E+01
  0.498439E+01
  0.493994E+01
  0.489554E+01
  0.485119E+01
  0.479177E+01
  0.473063E+01
  0.466953E+01
  0.460846E+01
  0.454743E+01
  0.448644E+01
  0.442548E+01
  0.436457E+01
  0.430370E+01
  0.424288E+01
  0.417936E+01
  0.411263E+01
  0.404592E+01
  0.397925E+01
  0.391262E+01
  0.384601E+01
  0.377945E+01
  0.371292E+01
  0.364644E+01
  0.357999E+01
  0.351446E+01
  0.344933E+01
  0.338422E+01
  0.331914E+01
  0.325408E+01
  0.318905E+01
  0.312405E+01
  0.305908E+01
  0.299448E+01
  0.293324E+01
  0.287201E+01
  0.281081E+01
  0.274961E+01
  0.268844E+01
  0.262728E+01
  0.256615E+01
  0.250897E+01
  0.245230E+01
  0.239565E+01
  0.233900E+01
  0.228237E+01
  0.222602E+01
  0.217187E+01
  0.211773E+01
  0.206359E+01
  0.200947E+01
  0.194842E+01
  0.188341E+01
  0.181840E+01
  0.174728E+01
  0.165922E+01
  0.157117E+01
  0.145767E+01
  0.133694E+01
  0.114347E+01
  0.541605E-07
