Blade section properties
51        n_secs:     number of blade sections at which properties are specified (-)

sec_loc	str_tw	tw_iner	mass_den	flp_iner	edge_iner	flp_stff	edge_stff	tor_stff	axial_stff	cg_offst	sc_offst	tc_offst
	(-)	(deg)	(deg)	(kg/m)		(kg-m)		(kg-m)		(Nm^2)		(Nm^2)		(Nm^2)		(N)		(m)		(m)		(m)
0.00000	0.00	0.00	1189.50	3957.30	3706.50	6.18720E+10	6.10120E+10	2.74560E+10	1.77860E+10	-0.0062	-0.0095	0.0000
0.02333	0.00	0.00	1191.60	3967.60	3712.10	6.21760E+10	6.11170E+10	2.74780E+10	1.78420E+10	-0.0063	-0.0096	0.0000
0.04333	0.00	0.00	1202.80	3982.20	3724.80	6.29960E+10	6.11280E+10	2.73240E+10	1.80820E+10	-0.0044	-0.0085	0.0000
0.06333	0.00	0.00	1171.50	3764.90	3578.00	6.01470E+10	5.80850E+10	2.55960E+10	1.76560E+10	0.0094	0.0050	0.0000
0.08332	0.01	0.01	1113.60	3355.10	3300.30	5.45560E+10	5.30460E+10	2.21410E+10	1.68490E+10	0.0164	0.0111	0.0000
0.10332	42.78	42.78	1049.30	2749.40	3102.90	4.41030E+10	5.08640E+10	1.83900E+10	1.59610E+10	0.0346	0.0371	0.0000
0.12332	35.91	35.91	974.63	2234.60	2704.30	3.57930E+10	4.39380E+10	1.39700E+10	1.48290E+10	0.0594	0.0674	0.0000
0.14330	25.74	25.74	908.74	1740.00	2419.90	2.83900E+10	3.78680E+10	1.01010E+10	1.38510E+10	0.0892	0.1001	0.0000
0.16331	18.93	18.93	868.87	1357.20	2245.80	2.26910E+10	3.37670E+10	7.44770E+09	1.32550E+10	0.0751	0.0915	0.0000
0.17998	14.28	14.28	845.51	1125.50	2164.20	1.91240E+10	3.17660E+10	6.02820E+09	1.28960E+10	0.0733	0.0960	0.0000
0.20492	10.97	10.97	775.15	856.03	1964.90	1.47870E+10	2.75020E+10	4.05190E+09	1.16860E+10	0.0820	0.1037	0.0000
0.22499	8.87	8.87	735.79	725.87	1880.50	1.26550E+10	2.53840E+10	3.35080E+09	1.10110E+10	0.0935	0.1222	0.0000
0.24500	7.62	7.62	691.12	617.25	1741.20	1.08080E+10	2.29330E+10	2.63790E+09	1.02690E+10	0.0890	0.1225	0.0000
0.26499	6.79	6.79	654.85	531.95	1619.10	9.33270E+09	2.06460E+10	2.11900E+09	9.65880E+09	0.0826	0.1179	0.0000
0.28499	6.09	6.09	625.88	463.17	1508.50	8.13860E+09	1.87710E+10	1.74370E+09	9.18510E+09	0.0776	0.1121	0.0000
0.30499	4.89	4.89	593.32	391.94	1451.40	6.88290E+09	1.87540E+10	1.41870E+09	8.71210E+09	0.0677	0.0984	0.0000
0.32499	4.53	4.53	580.97	345.88	1368.70	6.09320E+09	1.76630E+10	1.24250E+09	8.55730E+09	0.0609	0.0844	0.0000
0.34499	4.25	4.25	566.23	305.16	1277.90	5.39730E+09	1.65100E+10	1.08950E+09	8.38320E+09	0.0556	0.0723	0.0000
0.36499	4.10	4.10	548.24	269.43	1172.30	4.79800E+09	1.50450E+10	9.61880E+08	8.19210E+09	0.0506	0.0629	0.0000
0.38499	3.93	3.93	529.65	238.26	1065.50	4.26080E+09	1.35380E+10	8.33480E+08	7.95320E+09	0.0486	0.0592	0.0000
0.40499	3.65	3.65	510.31	210.42	971.61	3.79050E+09	1.24280E+10	7.44520E+08	7.76400E+09	0.0468	0.0576	0.0000
0.42499	3.35	3.35	494.68	185.45	893.13	3.35010E+09	1.14780E+10	6.54380E+08	7.55510E+09	0.0459	0.0578	0.0000
0.44500	3.09	3.09	477.51	163.07	809.14	2.95520E+09	1.04400E+10	5.70810E+08	7.32780E+09	0.0456	0.0588	0.0000
0.46399	2.89	2.89	460.93	143.93	739.22	2.61810E+09	9.46810E+09	5.02900E+08	7.10850E+09	0.0444	0.0594	0.0000
0.48400	2.65	2.65	441.78	125.77	661.54	2.29630E+09	8.50260E+09	4.43190E+08	6.85300E+09	0.0436	0.0605	0.0000
0.50400	2.41	2.41	425.33	110.03	601.70	2.01440E+09	7.70400E+09	3.91840E+08	6.62380E+09	0.0422	0.0611	0.0000
0.52399	2.26	2.26	401.38	95.48	516.39	1.75660E+09	6.64420E+09	3.37860E+08	6.30820E+09	0.0419	0.0621	0.0000
0.54400	2.05	2.05	385.14	83.32	466.08	1.53490E+09	5.97310E+09	2.97080E+08	6.05850E+09	0.0404	0.0621	0.0000
0.56400	1.86	1.86	365.95	72.63	409.38	1.34560E+09	5.32890E+09	2.64000E+08	5.82420E+09	0.0395	0.0622	0.0000
0.58399	1.70	1.70	346.94	63.01	360.23	1.16890E+09	4.66920E+09	2.25160E+08	5.52960E+09	0.0385	0.0620	0.0000
0.60500	1.56	1.56	326.32	54.45	305.05	1.01510E+09	3.99140E+09	1.98460E+08	5.25180E+09	0.0372	0.0611	0.0000
0.62500	1.42	1.42	310.27	47.41	271.45	8.85390E+08	3.53970E+09	1.74820E+08	5.00720E+09	0.0357	0.0597	0.0000
0.64500	1.29	1.29	291.66	41.17	232.89	7.71510E+08	3.04990E+09	1.52360E+08	4.73790E+09	0.0349	0.0588	0.0000
0.66500	1.19	1.19	272.43	35.56	198.58	6.68360E+08	2.61590E+09	1.32570E+08	4.45070E+09	0.0336	0.0570	0.0000
0.68500	1.10	1.10	256.95	30.79	173.93	5.78100E+08	2.27120E+09	1.16520E+08	4.18450E+09	0.0316	0.0546	0.0000
0.70500	1.00	1.00	237.77	26.53	146.01	4.99510E+08	1.92190E+09	1.01380E+08	3.90200E+09	0.0308	0.0528	0.0000
0.72429	0.92	0.92	221.77	22.81	127.10	4.29170E+08	1.66660E+09	8.91640E+07	3.63470E+09	0.0290	0.0502	0.0000
0.74429	0.87	0.87	203.15	19.25	105.99	3.63220E+08	1.39310E+09	7.70090E+07	3.33660E+09	0.0275	0.0478	0.0000
0.76428	0.78	0.78	186.77	16.19	90.56	3.04760E+08	1.18460E+09	6.56220E+07	3.04970E+09	0.0264	0.0459	0.0000
0.78428	0.74	0.74	171.66	13.55	77.24	2.53940E+08	9.97630E+08	5.67280E+07	2.77640E+09	0.0245	0.0432	0.0000
0.80500	0.67	0.67	153.75	11.11	62.67	2.08210E+08	8.15030E+08	4.79910E+07	2.48860E+09	0.0234	0.0411	0.0000
0.82500	0.65	0.65	140.05	9.19	53.01	1.71030E+08	6.85020E+08	4.14720E+07	2.24350E+09	0.0214	0.0384	0.0000
0.84500	0.60	0.60	124.35	7.47	42.82	1.38110E+08	5.53970E+08	3.56780E+07	1.98120E+09	0.0204	0.0369	0.0000
0.86444	0.57	0.57	108.93	5.89	35.75	1.08710E+08	4.60660E+08	2.89880E+07	1.72040E+09	0.0188	0.0347	0.0000
0.88444	0.54	0.54	95.18	4.61	28.67	8.39390E+07	3.59050E+08	2.39020E+07	1.46710E+09	0.0169	0.0323	0.0000
0.90500	0.57	0.57	82.34	3.51	23.23	6.30620E+07	2.96050E+08	2.02490E+07	1.24960E+09	0.0152	0.0306	0.0000
0.92500	0.55	0.55	68.28	2.50	17.65	4.42760E+07	2.17150E+08	1.55370E+07	1.00650E+09	0.0136	0.0284	0.0000
0.94455	0.59	0.59	54.47	1.63	12.75	2.83400E+07	1.55000E+08	1.13920E+07	7.79110E+08	0.0110	0.0254	0.0000
0.96500	0.69	0.69	40.65	0.89	8.08	1.44810E+07	1.00370E+08	7.21380E+06	5.53870E+08	0.0084	0.0223	0.0000
0.98501	0.79	0.79	25.20	0.31	3.55	4.49690E+06	4.17160E+07	2.93570E+06	3.07400E+08	0.0051	0.0173	0.0000
1.00000	0.96	0.96	15.42	0.08	1.12	1.02750E+06	1.27140E+07	7.93300E+05	1.72200E+08	0.0028	0.0119	0.0000
