 Title= "ADflow Lift Distribution Data"
Variables = "eta" "CoordinateX" "CoordinateY" "CoordinateZ" "Lift" "Drag" "Normalized Lift" "Normalized Drag" "CL" "CD" "CLp" "CDp" "CLv" "CDv" "Ellptical" "thickness" "twist" "chord" 
Zone T= "LiftDist_01 allWalls: : z normal"
 I=          150
 DATAPACKING=BLOCK
  0.000000E+00
  0.671141E-02
  0.134228E-01
  0.201342E-01
  0.268456E-01
  0.335570E-01
  0.402685E-01
  0.469799E-01
  0.536913E-01
  0.604027E-01
  0.671141E-01
  0.738255E-01
  0.805369E-01
  0.872483E-01
  0.939597E-01
  0.100671E+00
  0.107383E+00
  0.114094E+00
  0.120805E+00
  0.127517E+00
  0.134228E+00
  0.140940E+00
  0.147651E+00
  0.154362E+00
  0.161074E+00
  0.167785E+00
  0.174497E+00
  0.181208E+00
  0.187919E+00
  0.194631E+00
  0.201342E+00
  0.208054E+00
  0.214765E+00
  0.221477E+00
  0.228188E+00
  0.234899E+00
  0.241611E+00
  0.248322E+00
  0.255034E+00
  0.261745E+00
  0.268456E+00
  0.275168E+00
  0.281879E+00
  0.288591E+00
  0.295302E+00
  0.302013E+00
  0.308725E+00
  0.315436E+00
  0.322148E+00
  0.328859E+00
  0.335570E+00
  0.342282E+00
  0.348993E+00
  0.355705E+00
  0.362416E+00
  0.369128E+00
  0.375839E+00
  0.382550E+00
  0.389262E+00
  0.395973E+00
  0.402685E+00
  0.409396E+00
  0.416107E+00
  0.422819E+00
  0.429530E+00
  0.436242E+00
  0.442953E+00
  0.449664E+00
  0.456376E+00
  0.463087E+00
  0.469799E+00
  0.476510E+00
  0.483221E+00
  0.489933E+00
  0.496644E+00
  0.503356E+00
  0.510067E+00
  0.516779E+00
  0.523490E+00
  0.530201E+00
  0.536913E+00
  0.543624E+00
  0.550336E+00
  0.557047E+00
  0.563758E+00
  0.570470E+00
  0.577181E+00
  0.583893E+00
  0.590604E+00
  0.597315E+00
  0.604027E+00
  0.610738E+00
  0.617450E+00
  0.624161E+00
  0.630872E+00
  0.637584E+00
  0.644295E+00
  0.651007E+00
  0.657718E+00
  0.664430E+00
  0.671141E+00
  0.677852E+00
  0.684564E+00
  0.691275E+00
  0.697987E+00
  0.704698E+00
  0.711409E+00
  0.718121E+00
  0.724832E+00
  0.731544E+00
  0.738255E+00
  0.744966E+00
  0.751678E+00
  0.758389E+00
  0.765101E+00
  0.771812E+00
  0.778523E+00
  0.785235E+00
  0.791946E+00
  0.798658E+00
  0.805369E+00
  0.812081E+00
  0.818792E+00
  0.825503E+00
  0.832215E+00
  0.838926E+00
  0.845638E+00
  0.852349E+00
  0.859060E+00
  0.865772E+00
  0.872483E+00
  0.879195E+00
  0.885906E+00
  0.892617E+00
  0.899329E+00
  0.906040E+00
  0.912752E+00
  0.919463E+00
  0.926174E+00
  0.932886E+00
  0.939597E+00
  0.946309E+00
  0.953020E+00
  0.959732E+00
  0.966443E+00
  0.973154E+00
  0.979866E+00
  0.986577E+00
  0.993289E+00
  0.100000E+01
  0.000000E+00
  0.000000E+00
  0.000000E+00
  0.000000E+00
  0.000000E+00
  0.000000E+00
  0.000000E+00
  0.000000E+00
  0.000000E+00
  0.000000E+00
  0.000000E+00
  0.000000E+00
  0.000000E+00
  0.000000E+00
  0.000000E+00
  0.000000E+00
  0.000000E+00
  0.000000E+00
  0.000000E+00
  0.000000E+00
  0.000000E+00
  0.000000E+00
  0.000000E+00
  0.000000E+00
  0.000000E+00
  0.000000E+00
  0.000000E+00
  0.000000E+00
  0.000000E+00
  0.000000E+00
  0.000000E+00
  0.000000E+00
  0.000000E+00
  0.000000E+00
  0.000000E+00
  0.000000E+00
  0.000000E+00
  0.000000E+00
  0.000000E+00
  0.000000E+00
  0.000000E+00
  0.000000E+00
  0.000000E+00
  0.000000E+00
  0.000000E+00
  0.000000E+00
  0.000000E+00
  0.000000E+00
  0.000000E+00
  0.000000E+00
  0.000000E+00
  0.000000E+00
  0.000000E+00
  0.000000E+00
  0.000000E+00
  0.000000E+00
  0.000000E+00
  0.000000E+00
  0.000000E+00
  0.000000E+00
  0.000000E+00
  0.000000E+00
  0.000000E+00
  0.000000E+00
  0.000000E+00
  0.000000E+00
  0.000000E+00
  0.000000E+00
  0.000000E+00
  0.000000E+00
  0.000000E+00
  0.000000E+00
  0.000000E+00
  0.000000E+00
  0.000000E+00
  0.000000E+00
  0.000000E+00
  0.000000E+00
  0.000000E+00
  0.000000E+00
  0.000000E+00
  0.000000E+00
  0.000000E+00
  0.000000E+00
  0.000000E+00
  0.000000E+00
  0.000000E+00
  0.000000E+00
  0.000000E+00
  0.000000E+00
  0.000000E+00
  0.000000E+00
  0.000000E+00
  0.000000E+00
  0.000000E+00
  0.000000E+00
  0.000000E+00
  0.000000E+00
  0.000000E+00
  0.000000E+00
  0.000000E+00
  0.000000E+00
  0.000000E+00
  0.000000E+00
  0.000000E+00
  0.000000E+00
  0.000000E+00
  0.000000E+00
  0.000000E+00
  0.000000E+00
  0.000000E+00
  0.000000E+00
  0.000000E+00
  0.000000E+00
  0.000000E+00
  0.000000E+00
  0.000000E+00
  0.000000E+00
  0.000000E+00
  0.000000E+00
  0.000000E+00
  0.000000E+00
  0.000000E+00
  0.000000E+00
  0.000000E+00
  0.000000E+00
  0.000000E+00
  0.000000E+00
  0.000000E+00
  0.000000E+00
  0.000000E+00
  0.000000E+00
  0.000000E+00
  0.000000E+00
  0.000000E+00
  0.000000E+00
  0.000000E+00
  0.000000E+00
  0.000000E+00
  0.000000E+00
  0.000000E+00
  0.000000E+00
  0.000000E+00
  0.000000E+00
  0.000000E+00
  0.000000E+00
  0.000000E+00
  0.000000E+00
  0.000000E+00
  0.000000E+00
  0.000000E+00
  0.000000E+00
  0.000000E+00
  0.000000E+00
  0.000000E+00
  0.000000E+00
  0.000000E+00
  0.000000E+00
  0.000000E+00
  0.000000E+00
  0.000000E+00
  0.000000E+00
  0.000000E+00
  0.000000E+00
  0.000000E+00
  0.000000E+00
  0.000000E+00
  0.000000E+00
  0.000000E+00
  0.000000E+00
  0.000000E+00
  0.000000E+00
  0.000000E+00
  0.000000E+00
  0.000000E+00
  0.000000E+00
  0.000000E+00
  0.000000E+00
  0.000000E+00
  0.000000E+00
  0.000000E+00
  0.000000E+00
  0.000000E+00
  0.000000E+00
  0.000000E+00
  0.000000E+00
  0.000000E+00
  0.000000E+00
  0.000000E+00
  0.000000E+00
  0.000000E+00
  0.000000E+00
  0.000000E+00
  0.000000E+00
  0.000000E+00
  0.000000E+00
  0.000000E+00
  0.000000E+00
  0.000000E+00
  0.000000E+00
  0.000000E+00
  0.000000E+00
  0.000000E+00
  0.000000E+00
  0.000000E+00
  0.000000E+00
  0.000000E+00
  0.000000E+00
  0.000000E+00
  0.000000E+00
  0.000000E+00
  0.000000E+00
  0.000000E+00
  0.000000E+00
  0.000000E+00
  0.000000E+00
  0.000000E+00
  0.000000E+00
  0.000000E+00
  0.000000E+00
  0.000000E+00
  0.000000E+00
  0.000000E+00
  0.000000E+00
  0.000000E+00
  0.000000E+00
  0.000000E+00
  0.000000E+00
  0.000000E+00
  0.000000E+00
  0.000000E+00
  0.000000E+00
  0.000000E+00
  0.000000E+00
  0.000000E+00
  0.000000E+00
  0.000000E+00
  0.000000E+00
  0.000000E+00
  0.000000E+00
  0.000000E+00
  0.000000E+00
  0.000000E+00
  0.000000E+00
  0.000000E+00
  0.000000E+00
  0.000000E+00
  0.000000E+00
  0.000000E+00
  0.000000E+00
  0.000000E+00
  0.000000E+00
  0.000000E+00
  0.000000E+00
  0.000000E+00
  0.000000E+00
  0.000000E+00
  0.000000E+00
  0.000000E+00
  0.000000E+00
  0.000000E+00
  0.000000E+00
  0.000000E+00
  0.000000E+00
  0.000000E+00
  0.000000E+00
  0.000000E+00
  0.000000E+00
  0.000000E+00
  0.000000E+00
  0.000000E+00
  0.000000E+00
  0.000000E+00
  0.000000E+00
  0.000000E+00
  0.000000E+00
  0.000000E+00
  0.000000E+00
  0.000000E+00
  0.000000E+00
  0.000000E+00
  0.000000E+00
  0.000000E+00
  0.000000E+00
  0.000000E+00
  0.000000E+00
  0.000000E+00
  0.000000E+00
  0.000000E+00
  0.000000E+00
  0.000000E+00
  0.000000E+00
  0.000000E+00
  0.000000E+00
  0.000000E+00
  0.000000E+00
  0.000000E+00
  0.000000E+00
  0.000000E+00
  0.000000E+00
  0.508000E+00
  0.538474E+00
  0.568949E+00
  0.599423E+00
  0.629898E+00
  0.660372E+00
  0.690846E+00
  0.721321E+00
  0.751795E+00
  0.782269E+00
  0.812744E+00
  0.843218E+00
  0.873693E+00
  0.904167E+00
  0.934641E+00
  0.965116E+00
  0.995590E+00
  0.102606E+01
  0.105654E+01
  0.108701E+01
  0.111749E+01
  0.114796E+01
  0.117844E+01
  0.120891E+01
  0.123939E+01
  0.126986E+01
  0.130033E+01
  0.133081E+01
  0.136128E+01
  0.139176E+01
  0.142223E+01
  0.145271E+01
  0.148318E+01
  0.151365E+01
  0.154413E+01
  0.157460E+01
  0.160508E+01
  0.163555E+01
  0.166603E+01
  0.169650E+01
  0.172698E+01
  0.175745E+01
  0.178792E+01
  0.181840E+01
  0.184887E+01
  0.187935E+01
  0.190982E+01
  0.194030E+01
  0.197077E+01
  0.200124E+01
  0.203172E+01
  0.206219E+01
  0.209267E+01
  0.212314E+01
  0.215362E+01
  0.218409E+01
  0.221457E+01
  0.224504E+01
  0.227551E+01
  0.230599E+01
  0.233646E+01
  0.236694E+01
  0.239741E+01
  0.242789E+01
  0.245836E+01
  0.248883E+01
  0.251931E+01
  0.254978E+01
  0.258026E+01
  0.261073E+01
  0.264121E+01
  0.267168E+01
  0.270216E+01
  0.273263E+01
  0.276310E+01
  0.279358E+01
  0.282405E+01
  0.285453E+01
  0.288500E+01
  0.291548E+01
  0.294595E+01
  0.297642E+01
  0.300690E+01
  0.303737E+01
  0.306785E+01
  0.309832E+01
  0.312880E+01
  0.315927E+01
  0.318975E+01
  0.322022E+01
  0.325069E+01
  0.328117E+01
  0.331164E+01
  0.334212E+01
  0.337259E+01
  0.340307E+01
  0.343354E+01
  0.346401E+01
  0.349449E+01
  0.352496E+01
  0.355544E+01
  0.358591E+01
  0.361639E+01
  0.364686E+01
  0.367734E+01
  0.370781E+01
  0.373828E+01
  0.376876E+01
  0.379923E+01
  0.382971E+01
  0.386018E+01
  0.389066E+01
  0.392113E+01
  0.395160E+01
  0.398208E+01
  0.401255E+01
  0.404303E+01
  0.407350E+01
  0.410398E+01
  0.413445E+01
  0.416493E+01
  0.419540E+01
  0.422587E+01
  0.425635E+01
  0.428682E+01
  0.431730E+01
  0.434777E+01
  0.437825E+01
  0.440872E+01
  0.443919E+01
  0.446967E+01
  0.450014E+01
  0.453062E+01
  0.456109E+01
  0.459157E+01
  0.462204E+01
  0.465252E+01
  0.468299E+01
  0.471346E+01
  0.474394E+01
  0.477441E+01
  0.480489E+01
  0.483536E+01
  0.486584E+01
  0.489631E+01
  0.492678E+01
  0.495726E+01
  0.498773E+01
  0.501821E+01
  0.504868E+01
 -0.886208E+01
  0.142957E+01
  0.113272E+01
  0.190740E+01
  0.269697E+01
  0.209003E+01
  0.231336E+01
  0.227555E+01
  0.147334E+01
  0.237338E+01
  0.303874E+01
  0.310159E+01
  0.430443E+01
  0.372025E+01
  0.412614E+01
  0.491253E+01
  0.485482E+01
  0.523840E+01
  0.546638E+01
  0.604652E+01
  0.659322E+01
  0.731388E+01
  0.806178E+01
  0.870236E+01
  0.932688E+01
  0.955660E+01
  0.106588E+02
  0.106770E+02
  0.112287E+02
  0.117943E+02
  0.123111E+02
  0.128615E+02
  0.131531E+02
  0.134849E+02
  0.140544E+02
  0.145492E+02
  0.150660E+02
  0.153152E+02
  0.156272E+02
  0.159166E+02
  0.162695E+02
  0.167964E+02
  0.171462E+02
  0.173327E+02
  0.175649E+02
  0.177879E+02
  0.180000E+02
  0.183085E+02
  0.187320E+02
  0.190081E+02
  0.190119E+02
  0.191538E+02
  0.194555E+02
  0.198283E+02
  0.199845E+02
  0.200079E+02
  0.201002E+02
  0.203067E+02
  0.206033E+02
  0.207776E+02
  0.208899E+02
  0.209761E+02
  0.211253E+02
  0.212814E+02
  0.214345E+02
  0.215530E+02
  0.216220E+02
  0.216807E+02
  0.217665E+02
  0.218538E+02
  0.219382E+02
  0.220236E+02
  0.221440E+02
  0.222557E+02
  0.222956E+02
  0.222904E+02
  0.222825E+02
  0.223315E+02
  0.223785E+02
  0.224195E+02
  0.224340E+02
  0.224390E+02
  0.224344E+02
  0.224241E+02
  0.224155E+02
  0.224052E+02
  0.223878E+02
  0.223736E+02
  0.223613E+02
  0.223358E+02
  0.223022E+02
  0.222573E+02
  0.222180E+02
  0.221753E+02
  0.221261E+02
  0.220719E+02
  0.220117E+02
  0.219430E+02
  0.218572E+02
  0.217663E+02
  0.216727E+02
  0.215933E+02
  0.215137E+02
  0.214185E+02
  0.212914E+02
  0.211588E+02
  0.210350E+02
  0.209154E+02
  0.207925E+02
  0.206499E+02
  0.205033E+02
  0.203504E+02
  0.201923E+02
  0.200321E+02
  0.198528E+02
  0.196704E+02
  0.194786E+02
  0.192831E+02
  0.190720E+02
  0.188491E+02
  0.186222E+02
  0.183875E+02
  0.181384E+02
  0.178691E+02
  0.175898E+02
  0.173026E+02
  0.169940E+02
  0.166811E+02
  0.163332E+02
  0.159763E+02
  0.156074E+02
  0.152016E+02
  0.147784E+02
  0.143340E+02
  0.138593E+02
  0.133318E+02
  0.127724E+02
  0.121704E+02
  0.115224E+02
  0.108124E+02
  0.100099E+02
  0.913989E+01
  0.814337E+01
  0.701423E+01
  0.569740E+01
  0.404362E+01
  0.169782E+01
 -0.203771E+01
 -0.900896E+01
 -0.577274E-04
  0.219719E+02
  0.518305E+01
  0.850261E+01
  0.965449E+01
  0.105922E+02
  0.130906E+02
  0.137262E+02
  0.145083E+02
  0.146829E+02
  0.138551E+02
  0.127556E+02
  0.119838E+02
  0.111670E+02
  0.109482E+02
  0.110269E+02
  0.104836E+02
  0.111411E+02
  0.114329E+02
  0.121244E+02
  0.133800E+02
  0.149722E+02
  0.160768E+02
  0.181139E+02
  0.195784E+02
  0.213838E+02
  0.205461E+02
  0.258611E+02
  0.253150E+02
  0.265153E+02
  0.286322E+02
  0.306144E+02
  0.326098E+02
  0.342641E+02
  0.361650E+02
  0.383642E+02
  0.406427E+02
  0.428498E+02
  0.446972E+02
  0.464836E+02
  0.483097E+02
  0.503223E+02
  0.527676E+02
  0.548004E+02
  0.565836E+02
  0.583786E+02
  0.601623E+02
  0.621395E+02
  0.645868E+02
  0.673420E+02
  0.691490E+02
  0.703083E+02
  0.720923E+02
  0.745155E+02
  0.771727E+02
  0.790727E+02
  0.805995E+02
  0.823927E+02
  0.845733E+02
  0.871230E+02
  0.891819E+02
  0.910350E+02
  0.928222E+02
  0.947573E+02
  0.967743E+02
  0.987980E+02
  0.100588E+03
  0.102224E+03
  0.103852E+03
  0.105656E+03
  0.107533E+03
  0.109455E+03
  0.111473E+03
  0.113682E+03
  0.115778E+03
  0.117303E+03
  0.118581E+03
  0.119852E+03
  0.121542E+03
  0.123288E+03
  0.125042E+03
  0.126726E+03
  0.128371E+03
  0.129980E+03
  0.131580E+03
  0.133185E+03
  0.134788E+03
  0.136367E+03
  0.137939E+03
  0.139498E+03
  0.140829E+03
  0.142055E+03
  0.143172E+03
  0.144421E+03
  0.145646E+03
  0.146808E+03
  0.148028E+03
  0.149209E+03
  0.150328E+03
  0.151395E+03
  0.152397E+03
  0.153365E+03
  0.154518E+03
  0.155689E+03
  0.156738E+03
  0.157547E+03
  0.158151E+03
  0.158916E+03
  0.159760E+03
  0.160550E+03
  0.161300E+03
  0.161947E+03
  0.162580E+03
  0.163214E+03
  0.163774E+03
  0.164285E+03
  0.164671E+03
  0.165077E+03
  0.165416E+03
  0.165690E+03
  0.165877E+03
  0.166003E+03
  0.166115E+03
  0.166115E+03
  0.165979E+03
  0.165775E+03
  0.165504E+03
  0.165138E+03
  0.164626E+03
  0.164003E+03
  0.163237E+03
  0.162329E+03
  0.161237E+03
  0.159971E+03
  0.158503E+03
  0.156826E+03
  0.154826E+03
  0.152549E+03
  0.149923E+03
  0.146889E+03
  0.143406E+03
  0.139313E+03
  0.134678E+03
  0.129213E+03
  0.122893E+03
  0.115556E+03
  0.106843E+03
  0.961751E+02
  0.832419E+02
  0.896586E+02
  0.221585E-04
 -0.573090E+00
  0.924468E-01
  0.732501E-01
  0.123347E+00
  0.174407E+00
  0.135157E+00
  0.149599E+00
  0.147154E+00
  0.952772E-01
  0.153481E+00
  0.196508E+00
  0.200572E+00
  0.278357E+00
  0.240580E+00
  0.266828E+00
  0.317681E+00
  0.313949E+00
  0.338755E+00
  0.353498E+00
  0.391014E+00
  0.426368E+00
  0.472971E+00
  0.521336E+00
  0.562761E+00
  0.603147E+00
  0.618002E+00
  0.689282E+00
  0.690458E+00
  0.726133E+00
  0.762707E+00
  0.796132E+00
  0.831724E+00
  0.850580E+00
  0.872035E+00
  0.908867E+00
  0.940865E+00
  0.974285E+00
  0.990394E+00
  0.101058E+01
  0.102929E+01
  0.105211E+01
  0.108618E+01
  0.110880E+01
  0.112086E+01
  0.113588E+01
  0.115030E+01
  0.116401E+01
  0.118397E+01
  0.121136E+01
  0.122921E+01
  0.122945E+01
  0.123863E+01
  0.125814E+01
  0.128225E+01
  0.129235E+01
  0.129387E+01
  0.129983E+01
  0.131319E+01
  0.133236E+01
  0.134364E+01
  0.135090E+01
  0.135647E+01
  0.136612E+01
  0.137621E+01
  0.138612E+01
  0.139378E+01
  0.139824E+01
  0.140204E+01
  0.140759E+01
  0.141323E+01
  0.141869E+01
  0.142421E+01
  0.143200E+01
  0.143922E+01
  0.144180E+01
  0.144147E+01
  0.144096E+01
  0.144413E+01
  0.144716E+01
  0.144982E+01
  0.145075E+01
  0.145107E+01
  0.145078E+01
  0.145012E+01
  0.144955E+01
  0.144889E+01
  0.144776E+01
  0.144685E+01
  0.144605E+01
  0.144441E+01
  0.144223E+01
  0.143932E+01
  0.143678E+01
  0.143403E+01
  0.143084E+01
  0.142734E+01
  0.142345E+01
  0.141900E+01
  0.141345E+01
  0.140757E+01
  0.140152E+01
  0.139638E+01
  0.139124E+01
  0.138508E+01
  0.137687E+01
  0.136829E+01
  0.136028E+01
  0.135255E+01
  0.134460E+01
  0.133538E+01
  0.132590E+01
  0.131601E+01
  0.130579E+01
  0.129543E+01
  0.128383E+01
  0.127203E+01
  0.125963E+01
  0.124699E+01
  0.123334E+01
  0.121893E+01
  0.120425E+01
  0.118907E+01
  0.117297E+01
  0.115555E+01
  0.113749E+01
  0.111892E+01
  0.109896E+01
  0.107872E+01
  0.105623E+01
  0.103315E+01
  0.100929E+01
  0.983048E+00
  0.955681E+00
  0.926944E+00
  0.896250E+00
  0.862134E+00
  0.825960E+00
  0.787028E+00
  0.745127E+00
  0.699214E+00
  0.647313E+00
  0.591055E+00
  0.526612E+00
  0.453593E+00
  0.368437E+00
  0.261491E+00
  0.109794E+00
 -0.131774E+00
 -0.582588E+00
 -0.373310E-05
  0.223394E+00
  0.526977E-01
  0.864485E-01
  0.981601E-01
  0.107694E+00
  0.133096E+00
  0.139558E+00
  0.147510E+00
  0.149285E+00
  0.140869E+00
  0.129690E+00
  0.121843E+00
  0.113538E+00
  0.111313E+00
  0.112114E+00
  0.106590E+00
  0.113275E+00
  0.116241E+00
  0.123273E+00
  0.136039E+00
  0.152227E+00
  0.163457E+00
  0.184170E+00
  0.199059E+00
  0.217415E+00
  0.208898E+00
  0.262937E+00
  0.257385E+00
  0.269589E+00
  0.291112E+00
  0.311266E+00
  0.331554E+00
  0.348373E+00
  0.367701E+00
  0.390060E+00
  0.413226E+00
  0.435667E+00
  0.454449E+00
  0.472613E+00
  0.491179E+00
  0.511642E+00
  0.536504E+00
  0.557172E+00
  0.575302E+00
  0.593553E+00
  0.611688E+00
  0.631791E+00
  0.656674E+00
  0.684686E+00
  0.703058E+00
  0.714845E+00
  0.732984E+00
  0.757622E+00
  0.784638E+00
  0.803955E+00
  0.819479E+00
  0.837711E+00
  0.859882E+00
  0.885806E+00
  0.906739E+00
  0.925580E+00
  0.943751E+00
  0.963425E+00
  0.983933E+00
  0.100451E+01
  0.102271E+01
  0.103934E+01
  0.105590E+01
  0.107424E+01
  0.109332E+01
  0.111287E+01
  0.113338E+01
  0.115583E+01
  0.117715E+01
  0.119265E+01
  0.120565E+01
  0.121858E+01
  0.123575E+01
  0.125351E+01
  0.127134E+01
  0.128846E+01
  0.130518E+01
  0.132154E+01
  0.133781E+01
  0.135413E+01
  0.137043E+01
  0.138648E+01
  0.140247E+01
  0.141832E+01
  0.143185E+01
  0.144431E+01
  0.145567E+01
  0.146837E+01
  0.148082E+01
  0.149264E+01
  0.150504E+01
  0.151705E+01
  0.152843E+01
  0.153928E+01
  0.154947E+01
  0.155931E+01
  0.157103E+01
  0.158294E+01
  0.159361E+01
  0.160183E+01
  0.160797E+01
  0.161574E+01
  0.162433E+01
  0.163236E+01
  0.163998E+01
  0.164657E+01
  0.165300E+01
  0.165944E+01
  0.166514E+01
  0.167033E+01
  0.167426E+01
  0.167839E+01
  0.168183E+01
  0.168462E+01
  0.168652E+01
  0.168781E+01
  0.168894E+01
  0.168894E+01
  0.168756E+01
  0.168548E+01
  0.168273E+01
  0.167901E+01
  0.167380E+01
  0.166747E+01
  0.165968E+01
  0.165045E+01
  0.163935E+01
  0.162648E+01
  0.161155E+01
  0.159450E+01
  0.157416E+01
  0.155101E+01
  0.152431E+01
  0.149346E+01
  0.145805E+01
  0.141644E+01
  0.136931E+01
  0.131374E+01
  0.124949E+01
  0.117490E+01
  0.108630E+01
  0.977841E+00
  0.846345E+00
  0.911585E+00
  0.225292E-06
 -0.183870E+01
  0.297814E+00
  0.236950E+00
  0.400670E+00
  0.568852E+00
  0.444167E+00
  0.497440E+00
  0.496288E+00
  0.327583E+00
  0.532746E+00
  0.666502E+00
  0.641703E+00
  0.822702E+00
  0.644880E+00
  0.645708E+00
  0.691997E+00
  0.615506E+00
  0.599195E+00
  0.566128E+00
  0.569370E+00
  0.569320E+00
  0.583237E+00
  0.598512E+00
  0.607870E+00
  0.619132E+00
  0.609894E+00
  0.665742E+00
  0.664087E+00
  0.701513E+00
  0.740139E+00
  0.776008E+00
  0.814269E+00
  0.836363E+00
  0.861128E+00
  0.901302E+00
  0.937027E+00
  0.974601E+00
  0.995169E+00
  0.102008E+01
  0.104368E+01
  0.107171E+01
  0.111144E+01
  0.113981E+01
  0.115745E+01
  0.117830E+01
  0.119869E+01
  0.121848E+01
  0.124499E+01
  0.127956E+01
  0.130439E+01
  0.131063E+01
  0.132647E+01
  0.135354E+01
  0.138584E+01
  0.140331E+01
  0.141152E+01
  0.142471E+01
  0.144616E+01
  0.147422E+01
  0.149396E+01
  0.150938E+01
  0.152307E+01
  0.154157E+01
  0.156073E+01
  0.157988E+01
  0.159664E+01
  0.160987E+01
  0.162245E+01
  0.163720E+01
  0.165219E+01
  0.166712E+01
  0.168227E+01
  0.170026E+01
  0.171781E+01
  0.173003E+01
  0.173887E+01
  0.174757E+01
  0.176084E+01
  0.177409E+01
  0.178701E+01
  0.179794E+01
  0.180822E+01
  0.181783E+01
  0.182703E+01
  0.183645E+01
  0.184585E+01
  0.185471E+01
  0.186392E+01
  0.187338E+01
  0.188203E+01
  0.189005E+01
  0.189721E+01
  0.190490E+01
  0.191237E+01
  0.191936E+01
  0.192600E+01
  0.193218E+01
  0.193768E+01
  0.194173E+01
  0.194537E+01
  0.194882E+01
  0.195357E+01
  0.195836E+01
  0.196183E+01
  0.196237E+01
  0.196241E+01
  0.196328E+01
  0.196454E+01
  0.196551E+01
  0.196462E+01
  0.196333E+01
  0.196142E+01
  0.195898E+01
  0.195632E+01
  0.195178E+01
  0.194687E+01
  0.194090E+01
  0.193445E+01
  0.192632E+01
  0.191683E+01
  0.190683E+01
  0.189589E+01
  0.188338E+01
  0.186868E+01
  0.185270E+01
  0.183565E+01
  0.181607E+01
  0.179573E+01
  0.177130E+01
  0.174552E+01
  0.171803E+01
  0.168602E+01
  0.165158E+01
  0.161421E+01
  0.157277E+01
  0.152450E+01
  0.147182E+01
  0.141337E+01
  0.134862E+01
  0.127556E+01
  0.119051E+01
  0.109601E+01
  0.984623E+00
  0.855203E+00
  0.700528E+00
  0.501463E+00
  0.212378E+00
 -0.257125E+00
 -0.114682E+01
 -0.668989E+00
  0.455872E+01
  0.107976E+01
  0.177864E+01
  0.202803E+01
  0.223413E+01
  0.278198E+01
  0.295153E+01
  0.316421E+01
  0.326460E+01
  0.311001E+01
  0.279774E+01
  0.247940E+01
  0.213433E+01
  0.189779E+01
  0.172562E+01
  0.147676E+01
  0.141250E+01
  0.130775E+01
  0.125567E+01
  0.125993E+01
  0.129284E+01
  0.128202E+01
  0.134479E+01
  0.136757E+01
  0.141949E+01
  0.131124E+01
  0.161526E+01
  0.157453E+01
  0.165654E+01
  0.179679E+01
  0.192972E+01
  0.206454E+01
  0.217874E+01
  0.230945E+01
  0.246027E+01
  0.261754E+01
  0.277189E+01
  0.290439E+01
  0.303425E+01
  0.316777E+01
  0.331483E+01
  0.349171E+01
  0.364290E+01
  0.377857E+01
  0.391621E+01
  0.405421E+01
  0.420645E+01
  0.439192E+01
  0.460006E+01
  0.474518E+01
  0.484686E+01
  0.499265E+01
  0.518413E+01
  0.539374E+01
  0.555246E+01
  0.568615E+01
  0.584003E+01
  0.602297E+01
  0.623392E+01
  0.641237E+01
  0.657765E+01
  0.673980E+01
  0.691468E+01
  0.709722E+01
  0.728213E+01
  0.745154E+01
  0.761111E+01
  0.777170E+01
  0.794706E+01
  0.812972E+01
  0.831770E+01
  0.851489E+01
  0.872869E+01
  0.893635E+01
  0.910216E+01
  0.925043E+01
  0.939976E+01
  0.958357E+01
  0.977387E+01
  0.996683E+01
  0.101563E+02
  0.103446E+02
  0.105321E+02
  0.107206E+02
  0.109116E+02
  0.111045E+02
  0.112972E+02
  0.114915E+02
  0.116868E+02
  0.118663E+02
  0.120388E+02
  0.122040E+02
  0.123822E+02
  0.125603E+02
  0.127350E+02
  0.129169E+02
  0.130975E+02
  0.132748E+02
  0.134495E+02
  0.136206E+02
  0.137906E+02
  0.139794E+02
  0.141722E+02
  0.143564E+02
  0.145207E+02
  0.146680E+02
  0.148322E+02
  0.150059E+02
  0.151768E+02
  0.153460E+02
  0.155076E+02
  0.156699E+02
  0.158344E+02
  0.159940E+02
  0.161512E+02
  0.162983E+02
  0.164488E+02
  0.165943E+02
  0.167351E+02
  0.168687E+02
  0.169980E+02
  0.171277E+02
  0.172484E+02
  0.173573E+02
  0.174607E+02
  0.175585E+02
  0.176475E+02
  0.177221E+02
  0.177857E+02
  0.178347E+02
  0.178688E+02
  0.178830E+02
  0.178779E+02
  0.178497E+02
  0.177968E+02
  0.177045E+02
  0.175789E+02
  0.174109E+02
  0.171924E+02
  0.169179E+02
  0.165691E+02
  0.161498E+02
  0.156232E+02
  0.149836E+02
  0.142083E+02
  0.132500E+02
  0.120304E+02
  0.105037E+02
  0.114133E+02
  0.256789E+00
 -0.183909E+01
  0.303135E+00
  0.242710E+00
  0.406897E+00
  0.575432E+00
  0.450868E+00
  0.504228E+00
  0.503045E+00
  0.334335E+00
  0.539800E+00
  0.674040E+00
  0.649658E+00
  0.830792E+00
  0.654491E+00
  0.656104E+00
  0.703357E+00
  0.628045E+00
  0.612988E+00
  0.581182E+00
  0.585537E+00
  0.586493E+00
  0.601216E+00
  0.617207E+00
  0.627283E+00
  0.639183E+00
  0.630453E+00
  0.687434E+00
  0.686994E+00
  0.725305E+00
  0.764888E+00
  0.801779E+00
  0.841131E+00
  0.864323E+00
  0.890155E+00
  0.931431E+00
  0.968232E+00
  0.100688E+01
  0.102854E+01
  0.105450E+01
  0.107920E+01
  0.110829E+01
  0.114913E+01
  0.117860E+01
  0.119740E+01
  0.121940E+01
  0.124096E+01
  0.126196E+01
  0.128968E+01
  0.132554E+01
  0.135163E+01
  0.135922E+01
  0.137641E+01
  0.140486E+01
  0.143858E+01
  0.145748E+01
  0.146720E+01
  0.148190E+01
  0.150488E+01
  0.153454E+01
  0.155587E+01
  0.157292E+01
  0.158829E+01
  0.160847E+01
  0.162936E+01
  0.165027E+01
  0.166881E+01
  0.168386E+01
  0.169830E+01
  0.171491E+01
  0.173181E+01
  0.174868E+01
  0.176579E+01
  0.178577E+01
  0.180535E+01
  0.181962E+01
  0.183054E+01
  0.184136E+01
  0.185677E+01
  0.187218E+01
  0.188729E+01
  0.190044E+01
  0.191296E+01
  0.192484E+01
  0.193635E+01
  0.194811E+01
  0.195986E+01
  0.197115E+01
  0.198280E+01
  0.199473E+01
  0.200591E+01
  0.201649E+01
  0.202623E+01
  0.203657E+01
  0.204672E+01
  0.205639E+01
  0.206579E+01
  0.207475E+01
  0.208302E+01
  0.208993E+01
  0.209644E+01
  0.210274E+01
  0.211046E+01
  0.211819E+01
  0.212463E+01
  0.212825E+01
  0.213130E+01
  0.213527E+01
  0.213967E+01
  0.214373E+01
  0.214607E+01
  0.214795E+01
  0.214926E+01
  0.215010E+01
  0.215065E+01
  0.214949E+01
  0.214785E+01
  0.214529E+01
  0.214222E+01
  0.213752E+01
  0.213150E+01
  0.212498E+01
  0.211759E+01
  0.210863E+01
  0.209752E+01
  0.208517E+01
  0.207174E+01
  0.205588E+01
  0.203915E+01
  0.201850E+01
  0.199643E+01
  0.197261E+01
  0.194440E+01
  0.191374E+01
  0.188012E+01
  0.184245E+01
  0.179803E+01
  0.174920E+01
  0.169458E+01
  0.163363E+01
  0.156438E+01
  0.148314E+01
  0.139233E+01
  0.128461E+01
  0.115863E+01
  0.100706E+01
  0.811004E+00
  0.528804E+00
  0.868055E-01
 -0.756724E+00
 -0.148053E+00
  0.455733E+01
  0.106708E+01
  0.176402E+01
  0.201170E+01
  0.221661E+01
  0.276362E+01
  0.293215E+01
  0.314376E+01
  0.324303E+01
  0.308761E+01
  0.277556E+01
  0.245900E+01
  0.211577E+01
  0.188097E+01
  0.171066E+01
  0.146320E+01
  0.139989E+01
  0.129570E+01
  0.124392E+01
  0.124834E+01
  0.128140E+01
  0.127073E+01
  0.133368E+01
  0.135661E+01
  0.140862E+01
  0.130048E+01
  0.160442E+01
  0.156357E+01
  0.164555E+01
  0.178565E+01
  0.191841E+01
  0.205305E+01
  0.216709E+01
  0.229766E+01
  0.244835E+01
  0.260550E+01
  0.275973E+01
  0.289211E+01
  0.302185E+01
  0.315525E+01
  0.330221E+01
  0.347896E+01
  0.363005E+01
  0.376561E+01
  0.390314E+01
  0.404103E+01
  0.419316E+01
  0.437850E+01
  0.458650E+01
  0.473146E+01
  0.483296E+01
  0.497856E+01
  0.516984E+01
  0.537924E+01
  0.553775E+01
  0.567124E+01
  0.582491E+01
  0.600764E+01
  0.621838E+01
  0.639661E+01
  0.656167E+01
  0.672359E+01
  0.689823E+01
  0.708054E+01
  0.726521E+01
  0.743438E+01
  0.759371E+01
  0.775408E+01
  0.792921E+01
  0.811166E+01
  0.829942E+01
  0.849640E+01
  0.870997E+01
  0.891740E+01
  0.908296E+01
  0.923098E+01
  0.938004E+01
  0.956361E+01
  0.975367E+01
  0.994639E+01
  0.101356E+02
  0.103237E+02
  0.105110E+02
  0.106993E+02
  0.108901E+02
  0.110827E+02
  0.112753E+02
  0.114694E+02
  0.116644E+02
  0.118436E+02
  0.120158E+02
  0.121807E+02
  0.123587E+02
  0.125365E+02
  0.127109E+02
  0.128925E+02
  0.130728E+02
  0.132498E+02
  0.134243E+02
  0.135951E+02
  0.137649E+02
  0.139535E+02
  0.141460E+02
  0.143300E+02
  0.144940E+02
  0.146410E+02
  0.148049E+02
  0.149784E+02
  0.151490E+02
  0.153179E+02
  0.154793E+02
  0.156413E+02
  0.158056E+02
  0.159650E+02
  0.161220E+02
  0.162688E+02
  0.164191E+02
  0.165644E+02
  0.167050E+02
  0.168384E+02
  0.169675E+02
  0.170970E+02
  0.172175E+02
  0.173263E+02
  0.174295E+02
  0.175271E+02
  0.176160E+02
  0.176904E+02
  0.177540E+02
  0.178029E+02
  0.178369E+02
  0.178510E+02
  0.178460E+02
  0.178178E+02
  0.177649E+02
  0.176727E+02
  0.175471E+02
  0.173792E+02
  0.171608E+02
  0.168865E+02
  0.165380E+02
  0.161189E+02
  0.155927E+02
  0.149535E+02
  0.141787E+02
  0.132208E+02
  0.120023E+02
  0.104792E+02
  0.113947E+02
  0.197519E+00
  0.386104E-03
 -0.532060E-02
 -0.575953E-02
 -0.622778E-02
 -0.657996E-02
 -0.670152E-02
 -0.678817E-02
 -0.675625E-02
 -0.675234E-02
 -0.705425E-02
 -0.753814E-02
 -0.795443E-02
 -0.809064E-02
 -0.961043E-02
 -0.103966E-01
 -0.113604E-01
 -0.125390E-01
 -0.137934E-01
 -0.150542E-01
 -0.161677E-01
 -0.171728E-01
 -0.179791E-01
 -0.186952E-01
 -0.194132E-01
 -0.200509E-01
 -0.205588E-01
 -0.216927E-01
 -0.229076E-01
 -0.237915E-01
 -0.247483E-01
 -0.257718E-01
 -0.268614E-01
 -0.279601E-01
 -0.290273E-01
 -0.301287E-01
 -0.312047E-01
 -0.322822E-01
 -0.333660E-01
 -0.344245E-01
 -0.355184E-01
 -0.365832E-01
 -0.376915E-01
 -0.387945E-01
 -0.399462E-01
 -0.410931E-01
 -0.422737E-01
 -0.434789E-01
 -0.446936E-01
 -0.459747E-01
 -0.472409E-01
 -0.485911E-01
 -0.499398E-01
 -0.513152E-01
 -0.527413E-01
 -0.541715E-01
 -0.556727E-01
 -0.571875E-01
 -0.587127E-01
 -0.603164E-01
 -0.619131E-01
 -0.635393E-01
 -0.652231E-01
 -0.669023E-01
 -0.686279E-01
 -0.703938E-01
 -0.721666E-01
 -0.739915E-01
 -0.758465E-01
 -0.777087E-01
 -0.796220E-01
 -0.815615E-01
 -0.835154E-01
 -0.855154E-01
 -0.875416E-01
 -0.895898E-01
 -0.916772E-01
 -0.937892E-01
 -0.959267E-01
 -0.980931E-01
 -0.100281E+00
 -0.102504E+00
 -0.104748E+00
 -0.107012E+00
 -0.109327E+00
 -0.111661E+00
 -0.114018E+00
 -0.116439E+00
 -0.118881E+00
 -0.121346E+00
 -0.123883E+00
 -0.126442E+00
 -0.129017E+00
 -0.131673E+00
 -0.134348E+00
 -0.137028E+00
 -0.139794E+00
 -0.142568E+00
 -0.145336E+00
 -0.148202E+00
 -0.151062E+00
 -0.153920E+00
 -0.156889E+00
 -0.159832E+00
 -0.162805E+00
 -0.165873E+00
 -0.168891E+00
 -0.171993E+00
 -0.175128E+00
 -0.178214E+00
 -0.181447E+00
 -0.184616E+00
 -0.187838E+00
 -0.191117E+00
 -0.194330E+00
 -0.197708E+00
 -0.200984E+00
 -0.204389E+00
 -0.207765E+00
 -0.211201E+00
 -0.214671E+00
 -0.218156E+00
 -0.221701E+00
 -0.225248E+00
 -0.228845E+00
 -0.232471E+00
 -0.236092E+00
 -0.239815E+00
 -0.243428E+00
 -0.247198E+00
 -0.250910E+00
 -0.254589E+00
 -0.258383E+00
 -0.262161E+00
 -0.265905E+00
 -0.269685E+00
 -0.273528E+00
 -0.277380E+00
 -0.281211E+00
 -0.285010E+00
 -0.288819E+00
 -0.292630E+00
 -0.296322E+00
 -0.299987E+00
 -0.303424E+00
 -0.306530E+00
 -0.309541E+00
 -0.316426E+00
 -0.343930E+00
 -0.390092E+00
 -0.520936E+00
  0.138536E-02
  0.126740E-01
  0.146241E-01
  0.163289E-01
  0.175177E-01
  0.183606E-01
  0.193750E-01
  0.204428E-01
  0.215652E-01
  0.223955E-01
  0.221845E-01
  0.203958E-01
  0.185611E-01
  0.168166E-01
  0.149615E-01
  0.135553E-01
  0.126144E-01
  0.120517E-01
  0.117487E-01
  0.115865E-01
  0.114386E-01
  0.112945E-01
  0.111065E-01
  0.109565E-01
  0.108682E-01
  0.107547E-01
  0.108354E-01
  0.109606E-01
  0.109979E-01
  0.111356E-01
  0.113082E-01
  0.114941E-01
  0.116570E-01
  0.117944E-01
  0.119234E-01
  0.120422E-01
  0.121633E-01
  0.122860E-01
  0.124034E-01
  0.125173E-01
  0.126255E-01
  0.127429E-01
  0.128541E-01
  0.129636E-01
  0.130713E-01
  0.131792E-01
  0.132917E-01
  0.134149E-01
  0.135631E-01
  0.137284E-01
  0.139063E-01
  0.140910E-01
  0.142869E-01
  0.145000E-01
  0.147059E-01
  0.149184E-01
  0.151281E-01
  0.153295E-01
  0.155361E-01
  0.157551E-01
  0.159814E-01
  0.162105E-01
  0.164441E-01
  0.166816E-01
  0.169218E-01
  0.171591E-01
  0.173939E-01
  0.176260E-01
  0.178458E-01
  0.180623E-01
  0.182771E-01
  0.184902E-01
  0.187149E-01
  0.189488E-01
  0.191996E-01
  0.194547E-01
  0.197129E-01
  0.199636E-01
  0.202065E-01
  0.204431E-01
  0.206632E-01
  0.208780E-01
  0.210873E-01
  0.212922E-01
  0.214989E-01
  0.217079E-01
  0.219293E-01
  0.221598E-01
  0.224014E-01
  0.226653E-01
  0.229385E-01
  0.232207E-01
  0.235129E-01
  0.238066E-01
  0.240971E-01
  0.243840E-01
  0.246656E-01
  0.249381E-01
  0.252031E-01
  0.254612E-01
  0.257124E-01
  0.259621E-01
  0.262133E-01
  0.264716E-01
  0.267453E-01
  0.270177E-01
  0.272915E-01
  0.275622E-01
  0.278220E-01
  0.280765E-01
  0.283202E-01
  0.285580E-01
  0.287914E-01
  0.290167E-01
  0.292435E-01
  0.294626E-01
  0.296808E-01
  0.298935E-01
  0.301018E-01
  0.303047E-01
  0.304991E-01
  0.306868E-01
  0.308689E-01
  0.310471E-01
  0.312166E-01
  0.313744E-01
  0.315175E-01
  0.316448E-01
  0.317485E-01
  0.318323E-01
  0.318953E-01
  0.319254E-01
  0.319326E-01
  0.319212E-01
  0.318986E-01
  0.318636E-01
  0.318005E-01
  0.316949E-01
  0.315404E-01
  0.313430E-01
  0.311280E-01
  0.308823E-01
  0.305579E-01
  0.301495E-01
  0.296733E-01
  0.291349E-01
  0.281436E-01
  0.245833E-01
  0.186058E-01
  0.592702E-01
  0.127324E+01
  0.127321E+01
  0.127312E+01
  0.127298E+01
  0.127278E+01
  0.127252E+01
  0.127221E+01
  0.127183E+01
  0.127140E+01
  0.127091E+01
  0.127037E+01
  0.126977E+01
  0.126910E+01
  0.126838E+01
  0.126761E+01
  0.126677E+01
  0.126588E+01
  0.126493E+01
  0.126391E+01
  0.126285E+01
  0.126172E+01
  0.126053E+01
  0.125928E+01
  0.125798E+01
  0.125661E+01
  0.125519E+01
  0.125371E+01
  0.125216E+01
  0.125056E+01
  0.124889E+01
  0.124716E+01
  0.124538E+01
  0.124353E+01
  0.124162E+01
  0.123965E+01
  0.123761E+01
  0.123552E+01
  0.123336E+01
  0.123114E+01
  0.122885E+01
  0.122650E+01
  0.122409E+01
  0.122161E+01
  0.121907E+01
  0.121646E+01
  0.121378E+01
  0.121104E+01
  0.120824E+01
  0.120536E+01
  0.120242E+01
  0.119941E+01
  0.119633E+01
  0.119318E+01
  0.118997E+01
  0.118668E+01
  0.118332E+01
  0.117989E+01
  0.117639E+01
  0.117282E+01
  0.116917E+01
  0.116545E+01
  0.116165E+01
  0.115778E+01
  0.115383E+01
  0.114980E+01
  0.114570E+01
  0.114152E+01
  0.113725E+01
  0.113291E+01
  0.112849E+01
  0.112398E+01
  0.111939E+01
  0.111472E+01
  0.110996E+01
  0.110511E+01
  0.110018E+01
  0.109516E+01
  0.109004E+01
  0.108484E+01
  0.107954E+01
  0.107415E+01
  0.106867E+01
  0.106308E+01
  0.105740E+01
  0.105162E+01
  0.104574E+01
  0.103975E+01
  0.103366E+01
  0.102746E+01
  0.102115E+01
  0.101473E+01
  0.100819E+01
  0.100154E+01
  0.994777E+00
  0.987889E+00
  0.980879E+00
  0.973744E+00
  0.966480E+00
  0.959086E+00
  0.951557E+00
  0.943890E+00
  0.936083E+00
  0.928132E+00
  0.920032E+00
  0.911781E+00
  0.903373E+00
  0.894805E+00
  0.886071E+00
  0.877167E+00
  0.868088E+00
  0.858828E+00
  0.849381E+00
  0.839740E+00
  0.829900E+00
  0.819853E+00
  0.809590E+00
  0.799105E+00
  0.788387E+00
  0.777428E+00
  0.766217E+00
  0.754743E+00
  0.742993E+00
  0.730955E+00
  0.718613E+00
  0.705952E+00
  0.692955E+00
  0.679601E+00
  0.665870E+00
  0.651739E+00
  0.637179E+00
  0.622161E+00
  0.606651E+00
  0.590611E+00
  0.573995E+00
  0.556753E+00
  0.538824E+00
  0.520137E+00
  0.500608E+00
  0.480133E+00
  0.458585E+00
  0.435807E+00
  0.411593E+00
  0.385673E+00
  0.357677E+00
  0.327071E+00
  0.293040E+00
  0.254212E+00
  0.207914E+00
  0.147266E+00
  0.000000E+00
  0.995381E+00
  0.997144E+00
  0.997059E+00
  0.996877E+00
  0.996461E+00
  0.995587E+00
  0.995723E+00
  0.996186E+00
  0.995653E+00
  0.982678E+00
  0.937415E+00
  0.863069E+00
  0.778368E+00
  0.687706E+00
  0.606751E+00
  0.534375E+00
  0.470151E+00
  0.417151E+00
  0.372383E+00
  0.334277E+00
  0.302796E+00
  0.277585E+00
  0.256646E+00
  0.240299E+00
  0.227231E+00
  0.217321E+00
  0.211629E+00
  0.209771E+00
  0.209798E+00
  0.209894E+00
  0.209886E+00
  0.209882E+00
  0.209939E+00
  0.210003E+00
  0.210047E+00
  0.210068E+00
  0.210071E+00
  0.210055E+00
  0.210062E+00
  0.210069E+00
  0.210067E+00
  0.210053E+00
  0.210056E+00
  0.210139E+00
  0.210114E+00
  0.210077E+00
  0.210071E+00
  0.210101E+00
  0.210098E+00
  0.210106E+00
  0.210085E+00
  0.210087E+00
  0.210099E+00
  0.210295E+00
  0.210298E+00
  0.210031E+00
  0.210025E+00
  0.210013E+00
  0.210002E+00
  0.210007E+00
  0.210012E+00
  0.210019E+00
  0.209987E+00
  0.209985E+00
  0.209985E+00
  0.210009E+00
  0.210003E+00
  0.209999E+00
  0.209995E+00
  0.209993E+00
  0.209990E+00
  0.209967E+00
  0.209909E+00
  0.209893E+00
  0.209868E+00
  0.209884E+00
  0.209864E+00
  0.209845E+00
  0.209828E+00
  0.209813E+00
  0.209785E+00
  0.209769E+00
  0.209802E+00
  0.209842E+00
  0.209876E+00
  0.209914E+00
  0.209942E+00
  0.209970E+00
  0.210001E+00
  0.210029E+00
  0.210051E+00
  0.210077E+00
  0.210099E+00
  0.210121E+00
  0.210146E+00
  0.210173E+00
  0.210203E+00
  0.210246E+00
  0.210248E+00
  0.210262E+00
  0.210277E+00
  0.210282E+00
  0.210290E+00
  0.210302E+00
  0.210305E+00
  0.210310E+00
  0.210310E+00
  0.210308E+00
  0.210308E+00
  0.210310E+00
  0.210316E+00
  0.210319E+00
  0.210320E+00
  0.210324E+00
  0.210319E+00
  0.210317E+00
  0.210306E+00
  0.210294E+00
  0.210272E+00
  0.210240E+00
  0.210204E+00
  0.210161E+00
  0.210121E+00
  0.210083E+00
  0.210046E+00
  0.210011E+00
  0.209974E+00
  0.209937E+00
  0.209889E+00
  0.209844E+00
  0.209801E+00
  0.209761E+00
  0.209713E+00
  0.209652E+00
  0.209569E+00
  0.209599E+00
  0.209685E+00
  0.209768E+00
  0.209839E+00
  0.209899E+00
  0.209965E+00
  0.210029E+00
  0.210088E+00
  0.210137E+00
  0.210186E+00
  0.210209E+00
  0.210229E+00
  0.210251E+00
  0.210275E+00
  0.321876E+00
 -0.761171E+02
 -0.722837E+02
 -0.721443E+02
 -0.738808E+02
 -0.737673E+02
 -0.736062E+02
 -0.733874E+02
 -0.731392E+02
 -0.745861E+02
  0.739599E+02
  0.826447E+02
  0.808749E+02
  0.788858E+02
  0.767470E+02
  0.749715E+02
  0.731974E+02
  0.716250E+02
  0.702780E+02
  0.691257E+02
  0.682838E+02
  0.674950E+02
  0.668586E+02
  0.663687E+02
  0.660594E+02
  0.659122E+02
  0.657731E+02
  0.660745E+02
  0.666211E+02
  0.673044E+02
  0.680343E+02
  0.686901E+02
  0.693288E+02
  0.699511E+02
  0.705787E+02
  0.711911E+02
  0.717579E+02
  0.722604E+02
  0.727237E+02
  0.731532E+02
  0.735793E+02
  0.739883E+02
  0.744000E+02
  0.747663E+02
  0.752972E+02
  0.756496E+02
  0.760012E+02
  0.763518E+02
  0.767025E+02
  0.769875E+02
  0.773417E+02
  0.776447E+02
  0.779504E+02
  0.782589E+02
  0.789461E+02
  0.792161E+02
  0.789348E+02
  0.791995E+02
  0.794603E+02
  0.797235E+02
  0.799378E+02
  0.801468E+02
  0.803529E+02
  0.804700E+02
  0.806451E+02
  0.808152E+02
  0.810234E+02
  0.811751E+02
  0.813282E+02
  0.814829E+02
  0.816392E+02
  0.817932E+02
  0.819396E+02
  0.820269E+02
  0.821630E+02
  0.822684E+02
  0.824365E+02
  0.825446E+02
  0.826537E+02
  0.827641E+02
  0.828757E+02
  0.829884E+02
  0.831024E+02
  0.832170E+02
  0.832610E+02
  0.833700E+02
  0.834795E+02
  0.835696E+02
  0.836600E+02
  0.837514E+02
  0.838147E+02
  0.838773E+02
  0.839405E+02
  0.839951E+02
  0.840496E+02
  0.841047E+02
  0.841604E+02
  0.842168E+02
  0.843435E+02
  0.843315E+02
  0.843899E+02
  0.844490E+02
  0.845087E+02
  0.845692E+02
  0.846240E+02
  0.846690E+02
  0.847146E+02
  0.847606E+02
  0.848072E+02
  0.848545E+02
  0.849023E+02
  0.849508E+02
  0.849993E+02
  0.850481E+02
  0.850969E+02
  0.851419E+02
  0.851875E+02
  0.852311E+02
  0.852746E+02
  0.853169E+02
  0.853584E+02
  0.854002E+02
  0.854420E+02
  0.854826E+02
  0.855217E+02
  0.855613E+02
  0.856015E+02
  0.856422E+02
  0.856836E+02
  0.857256E+02
  0.857682E+02
  0.858115E+02
  0.858554E+02
  0.858999E+02
  0.859447E+02
  0.859886E+02
  0.860298E+02
  0.860717E+02
  0.861141E+02
  0.861573E+02
  0.862004E+02
  0.862391E+02
  0.862778E+02
  0.863172E+02
  0.863573E+02
  0.863979E+02
  0.865359E+02
  0.865776E+02
  0.866198E+02
  0.866618E+02
 -0.389585E+01
  0.218583E+00
  0.217696E+00
  0.216798E+00
  0.215897E+00
  0.215015E+00
  0.213402E+00
  0.210908E+00
  0.207942E+00
  0.203973E+00
  0.202040E+00
  0.206768E+00
  0.219200E+00
  0.237282E+00
  0.261628E+00
  0.289801E+00
  0.321953E+00
  0.357711E+00
  0.396481E+00
  0.437902E+00
  0.481618E+00
  0.525210E+00
  0.568715E+00
  0.610872E+00
  0.649259E+00
  0.683195E+00
  0.710625E+00
  0.726099E+00
  0.729151E+00
  0.725913E+00
  0.722685E+00
  0.719488E+00
  0.716335E+00
  0.713222E+00
  0.710184E+00
  0.707187E+00
  0.704174E+00
  0.701074E+00
  0.697936E+00
  0.694768E+00
  0.691628E+00
  0.688478E+00
  0.685364E+00
  0.682225E+00
  0.679132E+00
  0.676051E+00
  0.672993E+00
  0.669951E+00
  0.666931E+00
  0.663917E+00
  0.660882E+00
  0.657866E+00
  0.654861E+00
  0.651873E+00
  0.648882E+00
  0.645851E+00
  0.642844E+00
  0.639830E+00
  0.636817E+00
  0.633816E+00
  0.630739E+00
  0.627666E+00
  0.624592E+00
  0.621487E+00
  0.618391E+00
  0.615292E+00
  0.612199E+00
  0.609111E+00
  0.606027E+00
  0.602947E+00
  0.599872E+00
  0.596795E+00
  0.593721E+00
  0.590653E+00
  0.587566E+00
  0.584461E+00
  0.581358E+00
  0.578258E+00
  0.575161E+00
  0.572065E+00
  0.568971E+00
  0.565878E+00
  0.562787E+00
  0.559698E+00
  0.556624E+00
  0.553554E+00
  0.550485E+00
  0.547428E+00
  0.544378E+00
  0.541330E+00
  0.538230E+00
  0.535137E+00
  0.532045E+00
  0.528961E+00
  0.525883E+00
  0.522806E+00
  0.519729E+00
  0.516652E+00
  0.513576E+00
  0.510501E+00
  0.507426E+00
  0.504352E+00
  0.501281E+00
  0.498211E+00
  0.495131E+00
  0.492056E+00
  0.488981E+00
  0.485906E+00
  0.482832E+00
  0.479757E+00
  0.476684E+00
  0.473610E+00
  0.470536E+00
  0.467462E+00
  0.464385E+00
  0.461299E+00
  0.458213E+00
  0.455140E+00
  0.452074E+00
  0.449014E+00
  0.445962E+00
  0.442906E+00
  0.439847E+00
  0.436769E+00
  0.433672E+00
  0.430574E+00
  0.427477E+00
  0.424381E+00
  0.421284E+00
  0.418188E+00
  0.415092E+00
  0.411996E+00
  0.408900E+00
  0.405805E+00
  0.402715E+00
  0.399640E+00
  0.396599E+00
  0.393557E+00
  0.390516E+00
  0.387475E+00
  0.384426E+00
  0.381316E+00
  0.378198E+00
  0.375082E+00
  0.371965E+00
  0.368844E+00
  0.365698E+00
  0.362554E+00
  0.359409E+00
  0.356264E+00
  0.391341E-05
