 Title= "ADflow Lift Distribution Data"
Variables = "eta" "CoordinateX" "CoordinateY" "CoordinateZ" "Lift" "Drag" "Normalized Lift" "Normalized Drag" "CL" "CD" "CLp" "CDp" "CLv" "CDv" "Ellptical" "thickness" "twist" "chord" 
Zone T= "LiftDist_01 allWalls: : z normal"
 I=          150
 DATAPACKING=BLOCK
  0.000000E+00
  0.671141E-02
  0.134228E-01
  0.201342E-01
  0.268456E-01
  0.335570E-01
  0.402685E-01
  0.469799E-01
  0.536913E-01
  0.604027E-01
  0.671141E-01
  0.738255E-01
  0.805369E-01
  0.872483E-01
  0.939597E-01
  0.100671E+00
  0.107383E+00
  0.114094E+00
  0.120805E+00
  0.127517E+00
  0.134228E+00
  0.140940E+00
  0.147651E+00
  0.154362E+00
  0.161074E+00
  0.167785E+00
  0.174497E+00
  0.181208E+00
  0.187919E+00
  0.194631E+00
  0.201342E+00
  0.208054E+00
  0.214765E+00
  0.221477E+00
  0.228188E+00
  0.234899E+00
  0.241611E+00
  0.248322E+00
  0.255034E+00
  0.261745E+00
  0.268456E+00
  0.275168E+00
  0.281879E+00
  0.288591E+00
  0.295302E+00
  0.302013E+00
  0.308725E+00
  0.315436E+00
  0.322148E+00
  0.328859E+00
  0.335570E+00
  0.342282E+00
  0.348993E+00
  0.355705E+00
  0.362416E+00
  0.369128E+00
  0.375839E+00
  0.382550E+00
  0.389262E+00
  0.395973E+00
  0.402685E+00
  0.409396E+00
  0.416107E+00
  0.422819E+00
  0.429530E+00
  0.436242E+00
  0.442953E+00
  0.449664E+00
  0.456376E+00
  0.463087E+00
  0.469799E+00
  0.476510E+00
  0.483221E+00
  0.489933E+00
  0.496644E+00
  0.503356E+00
  0.510067E+00
  0.516779E+00
  0.523490E+00
  0.530201E+00
  0.536913E+00
  0.543624E+00
  0.550336E+00
  0.557047E+00
  0.563758E+00
  0.570470E+00
  0.577181E+00
  0.583893E+00
  0.590604E+00
  0.597315E+00
  0.604027E+00
  0.610738E+00
  0.617450E+00
  0.624161E+00
  0.630872E+00
  0.637584E+00
  0.644295E+00
  0.651007E+00
  0.657718E+00
  0.664430E+00
  0.671141E+00
  0.677852E+00
  0.684564E+00
  0.691275E+00
  0.697987E+00
  0.704698E+00
  0.711409E+00
  0.718121E+00
  0.724832E+00
  0.731544E+00
  0.738255E+00
  0.744966E+00
  0.751678E+00
  0.758389E+00
  0.765101E+00
  0.771812E+00
  0.778523E+00
  0.785235E+00
  0.791946E+00
  0.798658E+00
  0.805369E+00
  0.812081E+00
  0.818792E+00
  0.825503E+00
  0.832215E+00
  0.838926E+00
  0.845638E+00
  0.852349E+00
  0.859060E+00
  0.865772E+00
  0.872483E+00
  0.879195E+00
  0.885906E+00
  0.892617E+00
  0.899329E+00
  0.906040E+00
  0.912752E+00
  0.919463E+00
  0.926174E+00
  0.932886E+00
  0.939597E+00
  0.946309E+00
  0.953020E+00
  0.959732E+00
  0.966443E+00
  0.973154E+00
  0.979866E+00
  0.986577E+00
  0.993289E+00
  0.100000E+01
  0.000000E+00
  0.000000E+00
  0.000000E+00
  0.000000E+00
  0.000000E+00
  0.000000E+00
  0.000000E+00
  0.000000E+00
  0.000000E+00
  0.000000E+00
  0.000000E+00
  0.000000E+00
  0.000000E+00
  0.000000E+00
  0.000000E+00
  0.000000E+00
  0.000000E+00
  0.000000E+00
  0.000000E+00
  0.000000E+00
  0.000000E+00
  0.000000E+00
  0.000000E+00
  0.000000E+00
  0.000000E+00
  0.000000E+00
  0.000000E+00
  0.000000E+00
  0.000000E+00
  0.000000E+00
  0.000000E+00
  0.000000E+00
  0.000000E+00
  0.000000E+00
  0.000000E+00
  0.000000E+00
  0.000000E+00
  0.000000E+00
  0.000000E+00
  0.000000E+00
  0.000000E+00
  0.000000E+00
  0.000000E+00
  0.000000E+00
  0.000000E+00
  0.000000E+00
  0.000000E+00
  0.000000E+00
  0.000000E+00
  0.000000E+00
  0.000000E+00
  0.000000E+00
  0.000000E+00
  0.000000E+00
  0.000000E+00
  0.000000E+00
  0.000000E+00
  0.000000E+00
  0.000000E+00
  0.000000E+00
  0.000000E+00
  0.000000E+00
  0.000000E+00
  0.000000E+00
  0.000000E+00
  0.000000E+00
  0.000000E+00
  0.000000E+00
  0.000000E+00
  0.000000E+00
  0.000000E+00
  0.000000E+00
  0.000000E+00
  0.000000E+00
  0.000000E+00
  0.000000E+00
  0.000000E+00
  0.000000E+00
  0.000000E+00
  0.000000E+00
  0.000000E+00
  0.000000E+00
  0.000000E+00
  0.000000E+00
  0.000000E+00
  0.000000E+00
  0.000000E+00
  0.000000E+00
  0.000000E+00
  0.000000E+00
  0.000000E+00
  0.000000E+00
  0.000000E+00
  0.000000E+00
  0.000000E+00
  0.000000E+00
  0.000000E+00
  0.000000E+00
  0.000000E+00
  0.000000E+00
  0.000000E+00
  0.000000E+00
  0.000000E+00
  0.000000E+00
  0.000000E+00
  0.000000E+00
  0.000000E+00
  0.000000E+00
  0.000000E+00
  0.000000E+00
  0.000000E+00
  0.000000E+00
  0.000000E+00
  0.000000E+00
  0.000000E+00
  0.000000E+00
  0.000000E+00
  0.000000E+00
  0.000000E+00
  0.000000E+00
  0.000000E+00
  0.000000E+00
  0.000000E+00
  0.000000E+00
  0.000000E+00
  0.000000E+00
  0.000000E+00
  0.000000E+00
  0.000000E+00
  0.000000E+00
  0.000000E+00
  0.000000E+00
  0.000000E+00
  0.000000E+00
  0.000000E+00
  0.000000E+00
  0.000000E+00
  0.000000E+00
  0.000000E+00
  0.000000E+00
  0.000000E+00
  0.000000E+00
  0.000000E+00
  0.000000E+00
  0.000000E+00
  0.000000E+00
  0.000000E+00
  0.000000E+00
  0.000000E+00
  0.000000E+00
  0.000000E+00
  0.000000E+00
  0.000000E+00
  0.000000E+00
  0.000000E+00
  0.000000E+00
  0.000000E+00
  0.000000E+00
  0.000000E+00
  0.000000E+00
  0.000000E+00
  0.000000E+00
  0.000000E+00
  0.000000E+00
  0.000000E+00
  0.000000E+00
  0.000000E+00
  0.000000E+00
  0.000000E+00
  0.000000E+00
  0.000000E+00
  0.000000E+00
  0.000000E+00
  0.000000E+00
  0.000000E+00
  0.000000E+00
  0.000000E+00
  0.000000E+00
  0.000000E+00
  0.000000E+00
  0.000000E+00
  0.000000E+00
  0.000000E+00
  0.000000E+00
  0.000000E+00
  0.000000E+00
  0.000000E+00
  0.000000E+00
  0.000000E+00
  0.000000E+00
  0.000000E+00
  0.000000E+00
  0.000000E+00
  0.000000E+00
  0.000000E+00
  0.000000E+00
  0.000000E+00
  0.000000E+00
  0.000000E+00
  0.000000E+00
  0.000000E+00
  0.000000E+00
  0.000000E+00
  0.000000E+00
  0.000000E+00
  0.000000E+00
  0.000000E+00
  0.000000E+00
  0.000000E+00
  0.000000E+00
  0.000000E+00
  0.000000E+00
  0.000000E+00
  0.000000E+00
  0.000000E+00
  0.000000E+00
  0.000000E+00
  0.000000E+00
  0.000000E+00
  0.000000E+00
  0.000000E+00
  0.000000E+00
  0.000000E+00
  0.000000E+00
  0.000000E+00
  0.000000E+00
  0.000000E+00
  0.000000E+00
  0.000000E+00
  0.000000E+00
  0.000000E+00
  0.000000E+00
  0.000000E+00
  0.000000E+00
  0.000000E+00
  0.000000E+00
  0.000000E+00
  0.000000E+00
  0.000000E+00
  0.000000E+00
  0.000000E+00
  0.000000E+00
  0.000000E+00
  0.000000E+00
  0.000000E+00
  0.000000E+00
  0.000000E+00
  0.000000E+00
  0.000000E+00
  0.000000E+00
  0.000000E+00
  0.000000E+00
  0.000000E+00
  0.000000E+00
  0.000000E+00
  0.000000E+00
  0.000000E+00
  0.000000E+00
  0.000000E+00
  0.000000E+00
  0.000000E+00
  0.000000E+00
  0.000000E+00
  0.000000E+00
  0.000000E+00
  0.000000E+00
  0.000000E+00
  0.000000E+00
  0.000000E+00
  0.000000E+00
  0.000000E+00
  0.000000E+00
  0.000000E+00
  0.000000E+00
  0.000000E+00
  0.000000E+00
  0.000000E+00
  0.000000E+00
  0.000000E+00
  0.000000E+00
  0.000000E+00
  0.000000E+00
  0.000000E+00
  0.000000E+00
  0.000000E+00
  0.000000E+00
  0.000000E+00
  0.000000E+00
  0.000000E+00
  0.000000E+00
  0.000000E+00
  0.000000E+00
  0.000000E+00
  0.000000E+00
  0.000000E+00
  0.000000E+00
  0.000000E+00
  0.000000E+00
  0.000000E+00
  0.000000E+00
  0.508000E+00
  0.538474E+00
  0.568949E+00
  0.599423E+00
  0.629898E+00
  0.660372E+00
  0.690846E+00
  0.721321E+00
  0.751795E+00
  0.782269E+00
  0.812744E+00
  0.843218E+00
  0.873693E+00
  0.904167E+00
  0.934641E+00
  0.965116E+00
  0.995590E+00
  0.102606E+01
  0.105654E+01
  0.108701E+01
  0.111749E+01
  0.114796E+01
  0.117844E+01
  0.120891E+01
  0.123939E+01
  0.126986E+01
  0.130033E+01
  0.133081E+01
  0.136128E+01
  0.139176E+01
  0.142223E+01
  0.145271E+01
  0.148318E+01
  0.151365E+01
  0.154413E+01
  0.157460E+01
  0.160508E+01
  0.163555E+01
  0.166603E+01
  0.169650E+01
  0.172698E+01
  0.175745E+01
  0.178792E+01
  0.181840E+01
  0.184887E+01
  0.187935E+01
  0.190982E+01
  0.194030E+01
  0.197077E+01
  0.200124E+01
  0.203172E+01
  0.206219E+01
  0.209267E+01
  0.212314E+01
  0.215362E+01
  0.218409E+01
  0.221457E+01
  0.224504E+01
  0.227551E+01
  0.230599E+01
  0.233646E+01
  0.236694E+01
  0.239741E+01
  0.242789E+01
  0.245836E+01
  0.248883E+01
  0.251931E+01
  0.254978E+01
  0.258026E+01
  0.261073E+01
  0.264121E+01
  0.267168E+01
  0.270216E+01
  0.273263E+01
  0.276310E+01
  0.279358E+01
  0.282405E+01
  0.285453E+01
  0.288500E+01
  0.291548E+01
  0.294595E+01
  0.297642E+01
  0.300690E+01
  0.303737E+01
  0.306785E+01
  0.309832E+01
  0.312880E+01
  0.315927E+01
  0.318975E+01
  0.322022E+01
  0.325069E+01
  0.328117E+01
  0.331164E+01
  0.334212E+01
  0.337259E+01
  0.340307E+01
  0.343354E+01
  0.346401E+01
  0.349449E+01
  0.352496E+01
  0.355544E+01
  0.358591E+01
  0.361639E+01
  0.364686E+01
  0.367734E+01
  0.370781E+01
  0.373828E+01
  0.376876E+01
  0.379923E+01
  0.382971E+01
  0.386018E+01
  0.389066E+01
  0.392113E+01
  0.395160E+01
  0.398208E+01
  0.401255E+01
  0.404303E+01
  0.407350E+01
  0.410398E+01
  0.413445E+01
  0.416493E+01
  0.419540E+01
  0.422587E+01
  0.425635E+01
  0.428682E+01
  0.431730E+01
  0.434777E+01
  0.437825E+01
  0.440872E+01
  0.443919E+01
  0.446967E+01
  0.450014E+01
  0.453062E+01
  0.456109E+01
  0.459157E+01
  0.462204E+01
  0.465252E+01
  0.468299E+01
  0.471346E+01
  0.474394E+01
  0.477441E+01
  0.480489E+01
  0.483536E+01
  0.486584E+01
  0.489631E+01
  0.492678E+01
  0.495726E+01
  0.498773E+01
  0.501821E+01
  0.504868E+01
 -0.617340E+01
  0.394482E+01
  0.561643E+01
  0.835179E+01
  0.105145E+02
  0.120554E+02
  0.132704E+02
  0.143231E+02
  0.142918E+02
  0.156070E+02
  0.163192E+02
  0.162808E+02
  0.163351E+02
  0.145495E+02
  0.146722E+02
  0.160695E+02
  0.189148E+02
  0.225930E+02
  0.262765E+02
  0.301198E+02
  0.333317E+02
  0.366277E+02
  0.398088E+02
  0.426456E+02
  0.454232E+02
  0.460911E+02
  0.505256E+02
  0.498446E+02
  0.505301E+02
  0.518845E+02
  0.532641E+02
  0.546110E+02
  0.556326E+02
  0.566196E+02
  0.577696E+02
  0.587794E+02
  0.597187E+02
  0.602572E+02
  0.608187E+02
  0.613505E+02
  0.618506E+02
  0.623786E+02
  0.625954E+02
  0.625988E+02
  0.625310E+02
  0.623491E+02
  0.620547E+02
  0.616957E+02
  0.612429E+02
  0.606105E+02
  0.596587E+02
  0.586836E+02
  0.577121E+02
  0.566926E+02
  0.554944E+02
  0.541487E+02
  0.528690E+02
  0.517122E+02
  0.507100E+02
  0.497151E+02
  0.487591E+02
  0.478738E+02
  0.472048E+02
  0.466381E+02
  0.461667E+02
  0.458190E+02
  0.454835E+02
  0.452170E+02
  0.450877E+02
  0.450893E+02
  0.451655E+02
  0.453399E+02
  0.457304E+02
  0.461989E+02
  0.467008E+02
  0.471695E+02
  0.476742E+02
  0.483452E+02
  0.490691E+02
  0.498169E+02
  0.505637E+02
  0.513180E+02
  0.520718E+02
  0.528038E+02
  0.535421E+02
  0.542770E+02
  0.549678E+02
  0.556483E+02
  0.563082E+02
  0.569316E+02
  0.574999E+02
  0.579918E+02
  0.584817E+02
  0.589312E+02
  0.593196E+02
  0.596710E+02
  0.599841E+02
  0.602490E+02
  0.604549E+02
  0.606218E+02
  0.607530E+02
  0.608670E+02
  0.609717E+02
  0.610446E+02
  0.610669E+02
  0.610316E+02
  0.610064E+02
  0.609796E+02
  0.609323E+02
  0.608527E+02
  0.607531E+02
  0.606376E+02
  0.605087E+02
  0.603637E+02
  0.601876E+02
  0.599876E+02
  0.597658E+02
  0.595191E+02
  0.592352E+02
  0.589144E+02
  0.585638E+02
  0.581790E+02
  0.577491E+02
  0.572659E+02
  0.567409E+02
  0.561741E+02
  0.555439E+02
  0.548771E+02
  0.541190E+02
  0.533151E+02
  0.524599E+02
  0.515018E+02
  0.504802E+02
  0.493846E+02
  0.481990E+02
  0.468814E+02
  0.454565E+02
  0.439081E+02
  0.422236E+02
  0.403590E+02
  0.382700E+02
  0.359850E+02
  0.333563E+02
  0.303585E+02
  0.268209E+02
  0.223533E+02
  0.164243E+02
  0.698825E+01
 -0.129885E+02
 -0.577065E-04
  0.422793E+02
  0.901022E+01
  0.149111E+02
  0.162295E+02
  0.178296E+02
  0.217984E+02
  0.234499E+02
  0.253898E+02
  0.262609E+02
  0.256721E+02
  0.247378E+02
  0.243396E+02
  0.228353E+02
  0.246526E+02
  0.271181E+02
  0.279466E+02
  0.331888E+02
  0.368999E+02
  0.414809E+02
  0.468702E+02
  0.520180E+02
  0.572505E+02
  0.642393E+02
  0.704726E+02
  0.777402E+02
  0.742125E+02
  0.914213E+02
  0.856866E+02
  0.839578E+02
  0.869372E+02
  0.904641E+02
  0.936699E+02
  0.973554E+02
  0.101930E+03
  0.105846E+03
  0.110333E+03
  0.114350E+03
  0.118845E+03
  0.122563E+03
  0.126787E+03
  0.131404E+03
  0.135219E+03
  0.138579E+03
  0.142648E+03
  0.146145E+03
  0.149683E+03
  0.154064E+03
  0.158261E+03
  0.161163E+03
  0.163090E+03
  0.167224E+03
  0.171444E+03
  0.174842E+03
  0.177388E+03
  0.179559E+03
  0.182680E+03
  0.185978E+03
  0.188885E+03
  0.190354E+03
  0.191719E+03
  0.193075E+03
  0.194373E+03
  0.194822E+03
  0.194847E+03
  0.194280E+03
  0.192554E+03
  0.191232E+03
  0.189774E+03
  0.187828E+03
  0.185329E+03
  0.183091E+03
  0.181780E+03
  0.179878E+03
  0.177935E+03
  0.176136E+03
  0.176065E+03
  0.176629E+03
  0.177578E+03
  0.178982E+03
  0.180780E+03
  0.183426E+03
  0.186277E+03
  0.189332E+03
  0.193113E+03
  0.196861E+03
  0.200595E+03
  0.204726E+03
  0.208804E+03
  0.212801E+03
  0.216453E+03
  0.220148E+03
  0.223905E+03
  0.227374E+03
  0.230794E+03
  0.234145E+03
  0.237381E+03
  0.240476E+03
  0.243395E+03
  0.246203E+03
  0.248861E+03
  0.251420E+03
  0.254216E+03
  0.256716E+03
  0.258988E+03
  0.261037E+03
  0.263030E+03
  0.265045E+03
  0.267036E+03
  0.268888E+03
  0.270766E+03
  0.272488E+03
  0.274216E+03
  0.275967E+03
  0.277586E+03
  0.279260E+03
  0.280784E+03
  0.282391E+03
  0.283910E+03
  0.285377E+03
  0.286752E+03
  0.288029E+03
  0.289249E+03
  0.290263E+03
  0.291062E+03
  0.291675E+03
  0.292072E+03
  0.292251E+03
  0.292077E+03
  0.291643E+03
  0.290871E+03
  0.289775E+03
  0.288294E+03
  0.286443E+03
  0.284165E+03
  0.281476E+03
  0.278224E+03
  0.274429E+03
  0.270009E+03
  0.264875E+03
  0.258919E+03
  0.251965E+03
  0.244049E+03
  0.234725E+03
  0.223930E+03
  0.211329E+03
  0.196193E+03
  0.177993E+03
  0.162768E+03
  0.201474E+03
  0.322342E-04
 -0.131662E+00
  0.841321E-01
  0.119783E+00
  0.178121E+00
  0.224246E+00
  0.257108E+00
  0.283022E+00
  0.305471E+00
  0.304806E+00
  0.332855E+00
  0.348044E+00
  0.347225E+00
  0.348382E+00
  0.310301E+00
  0.312918E+00
  0.342719E+00
  0.403400E+00
  0.481846E+00
  0.560406E+00
  0.642373E+00
  0.710874E+00
  0.781168E+00
  0.849011E+00
  0.909513E+00
  0.968751E+00
  0.982997E+00
  0.107757E+01
  0.106305E+01
  0.107767E+01
  0.110655E+01
  0.113598E+01
  0.116470E+01
  0.118649E+01
  0.120754E+01
  0.123207E+01
  0.125360E+01
  0.127364E+01
  0.128512E+01
  0.129710E+01
  0.130844E+01
  0.131910E+01
  0.133036E+01
  0.133499E+01
  0.133506E+01
  0.133361E+01
  0.132973E+01
  0.132345E+01
  0.131580E+01
  0.130614E+01
  0.129265E+01
  0.127236E+01
  0.125156E+01
  0.123084E+01
  0.120910E+01
  0.118354E+01
  0.115484E+01
  0.112755E+01
  0.110288E+01
  0.108150E+01
  0.106029E+01
  0.103990E+01
  0.102102E+01
  0.100675E+01
  0.994663E+00
  0.984609E+00
  0.977193E+00
  0.970037E+00
  0.964355E+00
  0.961596E+00
  0.961629E+00
  0.963255E+00
  0.966976E+00
  0.975304E+00
  0.985294E+00
  0.995999E+00
  0.100600E+01
  0.101676E+01
  0.103107E+01
  0.104651E+01
  0.106246E+01
  0.107839E+01
  0.109447E+01
  0.111055E+01
  0.112616E+01
  0.114190E+01
  0.115758E+01
  0.117231E+01
  0.118683E+01
  0.120090E+01
  0.121419E+01
  0.122632E+01
  0.123680E+01
  0.124725E+01
  0.125684E+01
  0.126512E+01
  0.127262E+01
  0.127930E+01
  0.128494E+01
  0.128934E+01
  0.129289E+01
  0.129569E+01
  0.129812E+01
  0.130036E+01
  0.130191E+01
  0.130239E+01
  0.130163E+01
  0.130110E+01
  0.130053E+01
  0.129952E+01
  0.129782E+01
  0.129569E+01
  0.129323E+01
  0.129048E+01
  0.128739E+01
  0.128364E+01
  0.127937E+01
  0.127464E+01
  0.126938E+01
  0.126332E+01
  0.125648E+01
  0.124900E+01
  0.124080E+01
  0.123163E+01
  0.122132E+01
  0.121013E+01
  0.119804E+01
  0.118460E+01
  0.117038E+01
  0.115421E+01
  0.113706E+01
  0.111882E+01
  0.109839E+01
  0.107660E+01
  0.105324E+01
  0.102795E+01
  0.999851E+00
  0.969462E+00
  0.936439E+00
  0.900513E+00
  0.860747E+00
  0.816193E+00
  0.767460E+00
  0.711397E+00
  0.647462E+00
  0.572017E+00
  0.476733E+00
  0.350285E+00
  0.149040E+00
 -0.277009E+00
 -0.123072E-05
  0.236062E+00
  0.503076E-01
  0.832544E-01
  0.906159E-01
  0.995498E-01
  0.121709E+00
  0.130930E+00
  0.141761E+00
  0.146625E+00
  0.143337E+00
  0.138121E+00
  0.135897E+00
  0.127499E+00
  0.137645E+00
  0.151411E+00
  0.156037E+00
  0.185306E+00
  0.206027E+00
  0.231604E+00
  0.261695E+00
  0.290437E+00
  0.319652E+00
  0.358673E+00
  0.393476E+00
  0.434054E+00
  0.414357E+00
  0.510441E+00
  0.478422E+00
  0.468769E+00
  0.485404E+00
  0.505096E+00
  0.522995E+00
  0.543573E+00
  0.569118E+00
  0.590978E+00
  0.616030E+00
  0.638463E+00
  0.663556E+00
  0.684315E+00
  0.707899E+00
  0.733678E+00
  0.754979E+00
  0.773739E+00
  0.796458E+00
  0.815985E+00
  0.835741E+00
  0.860198E+00
  0.883631E+00
  0.899838E+00
  0.910595E+00
  0.933677E+00
  0.957237E+00
  0.976211E+00
  0.990427E+00
  0.100255E+01
  0.101998E+01
  0.103839E+01
  0.105462E+01
  0.106282E+01
  0.107044E+01
  0.107801E+01
  0.108526E+01
  0.108777E+01
  0.108791E+01
  0.108474E+01
  0.107510E+01
  0.106773E+01
  0.105958E+01
  0.104872E+01
  0.103476E+01
  0.102227E+01
  0.101495E+01
  0.100433E+01
  0.993481E+00
  0.983437E+00
  0.983042E+00
  0.986188E+00
  0.991488E+00
  0.999329E+00
  0.100936E+01
  0.102414E+01
  0.104006E+01
  0.105711E+01
  0.107823E+01
  0.109915E+01
  0.112000E+01
  0.114307E+01
  0.116583E+01
  0.118815E+01
  0.120854E+01
  0.122917E+01
  0.125015E+01
  0.126952E+01
  0.128861E+01
  0.130732E+01
  0.132539E+01
  0.134267E+01
  0.135897E+01
  0.137465E+01
  0.138949E+01
  0.140378E+01
  0.141939E+01
  0.143334E+01
  0.144603E+01
  0.145747E+01
  0.146860E+01
  0.147985E+01
  0.149097E+01
  0.150131E+01
  0.151179E+01
  0.152141E+01
  0.153106E+01
  0.154083E+01
  0.154987E+01
  0.155922E+01
  0.156773E+01
  0.157670E+01
  0.158518E+01
  0.159337E+01
  0.160105E+01
  0.160818E+01
  0.161499E+01
  0.162065E+01
  0.162511E+01
  0.162854E+01
  0.163075E+01
  0.163175E+01
  0.163078E+01
  0.162836E+01
  0.162404E+01
  0.161792E+01
  0.160966E+01
  0.159932E+01
  0.158661E+01
  0.157159E+01
  0.155343E+01
  0.153224E+01
  0.150756E+01
  0.147890E+01
  0.144565E+01
  0.140682E+01
  0.136262E+01
  0.131056E+01
  0.125029E+01
  0.117993E+01
  0.109542E+01
  0.993806E+00
  0.908797E+00
  0.112491E+01
  0.179976E-06
 -0.569269E+00
  0.365246E+00
  0.522172E+00
  0.779726E+00
  0.985665E+00
  0.113865E+01
  0.126824E+01
  0.138836E+01
  0.141229E+01
  0.155701E+01
  0.159083E+01
  0.149708E+01
  0.138760E+01
  0.112092E+01
  0.102048E+01
  0.100605E+01
  0.106581E+01
  0.114858E+01
  0.120948E+01
  0.126055E+01
  0.127919E+01
  0.129815E+01
  0.131352E+01
  0.132393E+01
  0.134011E+01
  0.130733E+01
  0.140257E+01
  0.137787E+01
  0.140305E+01
  0.144710E+01
  0.149217E+01
  0.153664E+01
  0.157222E+01
  0.160696E+01
  0.164655E+01
  0.168250E+01
  0.171694E+01
  0.174021E+01
  0.176444E+01
  0.178795E+01
  0.181077E+01
  0.183452E+01
  0.184937E+01
  0.185789E+01
  0.186434E+01
  0.186736E+01
  0.186698E+01
  0.186459E+01
  0.185931E+01
  0.184856E+01
  0.182787E+01
  0.180625E+01
  0.178449E+01
  0.176104E+01
  0.173191E+01
  0.169782E+01
  0.166550E+01
  0.163677E+01
  0.161265E+01
  0.158872E+01
  0.156580E+01
  0.154494E+01
  0.153096E+01
  0.152015E+01
  0.151237E+01
  0.150856E+01
  0.150510E+01
  0.150390E+01
  0.150726E+01
  0.151504E+01
  0.152542E+01
  0.153924E+01
  0.156057E+01
  0.158483E+01
  0.161056E+01
  0.163541E+01
  0.166177E+01
  0.169423E+01
  0.172891E+01
  0.176480E+01
  0.180105E+01
  0.183795E+01
  0.187524E+01
  0.191211E+01
  0.194959E+01
  0.198737E+01
  0.202390E+01
  0.206044E+01
  0.209662E+01
  0.213204E+01
  0.216576E+01
  0.219698E+01
  0.222847E+01
  0.225873E+01
  0.228700E+01
  0.231417E+01
  0.234017E+01
  0.236458E+01
  0.238695E+01
  0.240804E+01
  0.242797E+01
  0.244742E+01
  0.246674E+01
  0.248506E+01
  0.250150E+01
  0.251577E+01
  0.253065E+01
  0.254565E+01
  0.255997E+01
  0.257311E+01
  0.258557E+01
  0.259751E+01
  0.260904E+01
  0.262003E+01
  0.262987E+01
  0.263878E+01
  0.264677E+01
  0.265373E+01
  0.265906E+01
  0.266277E+01
  0.266518E+01
  0.266608E+01
  0.266503E+01
  0.266161E+01
  0.265617E+01
  0.264869E+01
  0.263809E+01
  0.262558E+01
  0.260848E+01
  0.258890E+01
  0.256651E+01
  0.253871E+01
  0.250734E+01
  0.247174E+01
  0.243096E+01
  0.238264E+01
  0.232807E+01
  0.226628E+01
  0.219644E+01
  0.211611E+01
  0.202294E+01
  0.191783E+01
  0.179251E+01
  0.164508E+01
  0.146568E+01
  0.123205E+01
  0.913109E+00
  0.391912E+00
 -0.734845E+00
 -0.297220E+00
  0.389871E+01
  0.834245E+00
  0.138632E+01
  0.151519E+01
  0.167141E+01
  0.205890E+01
  0.224107E+01
  0.246108E+01
  0.259505E+01
  0.256113E+01
  0.241150E+01
  0.223811E+01
  0.193978E+01
  0.189927E+01
  0.188611E+01
  0.174963E+01
  0.187012E+01
  0.187591E+01
  0.190933E+01
  0.196157E+01
  0.199632E+01
  0.202906E+01
  0.211963E+01
  0.218782E+01
  0.229356E+01
  0.210497E+01
  0.253782E+01
  0.236867E+01
  0.233123E+01
  0.242474E+01
  0.253432E+01
  0.263568E+01
  0.275134E+01
  0.289296E+01
  0.301681E+01
  0.315815E+01
  0.328763E+01
  0.343220E+01
  0.355572E+01
  0.369496E+01
  0.384703E+01
  0.397672E+01
  0.409428E+01
  0.423369E+01
  0.435726E+01
  0.448304E+01
  0.463518E+01
  0.478301E+01
  0.489285E+01
  0.497408E+01
  0.512354E+01
  0.527693E+01
  0.540620E+01
  0.551021E+01
  0.560381E+01
  0.572790E+01
  0.585877E+01
  0.597850E+01
  0.605352E+01
  0.612668E+01
  0.620020E+01
  0.627260E+01
  0.631850E+01
  0.635097E+01
  0.636438E+01
  0.633969E+01
  0.632811E+01
  0.631181E+01
  0.627899E+01
  0.622721E+01
  0.618373E+01
  0.617124E+01
  0.613841E+01
  0.610399E+01
  0.607438E+01
  0.610435E+01
  0.615671E+01
  0.622313E+01
  0.630629E+01
  0.640424E+01
  0.653350E+01
  0.667152E+01
  0.681834E+01
  0.699292E+01
  0.716819E+01
  0.734485E+01
  0.753798E+01
  0.773120E+01
  0.792358E+01
  0.810597E+01
  0.829198E+01
  0.848250E+01
  0.866414E+01
  0.884596E+01
  0.902719E+01
  0.920616E+01
  0.938173E+01
  0.955245E+01
  0.972089E+01
  0.988538E+01
  0.100479E+02
  0.102219E+02
  0.103860E+02
  0.105431E+02
  0.106929E+02
  0.108423E+02
  0.109945E+02
  0.111476E+02
  0.112969E+02
  0.114491E+02
  0.115967E+02
  0.117465E+02
  0.118992E+02
  0.120484E+02
  0.122021E+02
  0.123513E+02
  0.125059E+02
  0.126584E+02
  0.128106E+02
  0.129604E+02
  0.131079E+02
  0.132550E+02
  0.133952E+02
  0.135280E+02
  0.136540E+02
  0.137716E+02
  0.138806E+02
  0.139743E+02
  0.140569E+02
  0.141242E+02
  0.141767E+02
  0.142111E+02
  0.142276E+02
  0.142227E+02
  0.141965E+02
  0.141401E+02
  0.140550E+02
  0.139363E+02
  0.137786E+02
  0.135757E+02
  0.133188E+02
  0.130067E+02
  0.126137E+02
  0.121344E+02
  0.115485E+02
  0.108136E+02
  0.989555E+01
  0.912826E+01
  0.113987E+02
  0.166024E+00
 -0.568312E+00
  0.367160E+00
  0.524337E+00
  0.782101E+00
  0.988153E+00
  0.114114E+01
  0.127064E+01
  0.139058E+01
  0.141425E+01
  0.155881E+01
  0.159272E+01
  0.149945E+01
  0.139079E+01
  0.112520E+01
  0.102533E+01
  0.101120E+01
  0.107094E+01
  0.115341E+01
  0.121396E+01
  0.126466E+01
  0.128307E+01
  0.130197E+01
  0.131751E+01
  0.132836E+01
  0.134511E+01
  0.131285E+01
  0.140870E+01
  0.138448E+01
  0.140982E+01
  0.145393E+01
  0.149903E+01
  0.154346E+01
  0.157896E+01
  0.161358E+01
  0.165300E+01
  0.168878E+01
  0.172303E+01
  0.174609E+01
  0.177010E+01
  0.179339E+01
  0.181599E+01
  0.183951E+01
  0.185413E+01
  0.186242E+01
  0.186863E+01
  0.187142E+01
  0.187079E+01
  0.186816E+01
  0.186264E+01
  0.185168E+01
  0.183078E+01
  0.180896E+01
  0.178702E+01
  0.176340E+01
  0.173413E+01
  0.169992E+01
  0.166752E+01
  0.163873E+01
  0.161462E+01
  0.159076E+01
  0.156798E+01
  0.154733E+01
  0.153370E+01
  0.152335E+01
  0.151613E+01
  0.151304E+01
  0.151043E+01
  0.151019E+01
  0.151463E+01
  0.152362E+01
  0.153529E+01
  0.155048E+01
  0.157324E+01
  0.159899E+01
  0.162623E+01
  0.165261E+01
  0.168052E+01
  0.171450E+01
  0.175067E+01
  0.178805E+01
  0.182573E+01
  0.186403E+01
  0.190269E+01
  0.194088E+01
  0.197966E+01
  0.201871E+01
  0.205648E+01
  0.209424E+01
  0.213162E+01
  0.216824E+01
  0.220315E+01
  0.223554E+01
  0.226821E+01
  0.229965E+01
  0.232908E+01
  0.235743E+01
  0.238460E+01
  0.241018E+01
  0.243374E+01
  0.245602E+01
  0.247713E+01
  0.249781E+01
  0.251836E+01
  0.253791E+01
  0.255565E+01
  0.257120E+01
  0.258741E+01
  0.260376E+01
  0.261944E+01
  0.263401E+01
  0.264789E+01
  0.266130E+01
  0.267433E+01
  0.268682E+01
  0.269825E+01
  0.270874E+01
  0.271840E+01
  0.272702E+01
  0.273409E+01
  0.273956E+01
  0.274377E+01
  0.274652E+01
  0.274734E+01
  0.274582E+01
  0.274231E+01
  0.273676E+01
  0.272813E+01
  0.271753E+01
  0.270240E+01
  0.268475E+01
  0.266427E+01
  0.263841E+01
  0.260897E+01
  0.257530E+01
  0.253648E+01
  0.249020E+01
  0.243773E+01
  0.237807E+01
  0.231040E+01
  0.223232E+01
  0.214152E+01
  0.203882E+01
  0.191607E+01
  0.177135E+01
  0.159512E+01
  0.136649E+01
  0.105868E+01
  0.562611E+00
 -0.528984E+00
 -0.692243E-01
  0.389482E+01
  0.823047E+00
  0.137338E+01
  0.150056E+01
  0.165567E+01
  0.204240E+01
  0.222367E+01
  0.244266E+01
  0.257552E+01
  0.254060E+01
  0.239068E+01
  0.221829E+01
  0.192101E+01
  0.188195E+01
  0.187076E+01
  0.173636E+01
  0.185907E+01
  0.186702E+01
  0.190231E+01
  0.195595E+01
  0.199157E+01
  0.202471E+01
  0.211546E+01
  0.218376E+01
  0.228953E+01
  0.210099E+01
  0.253387E+01
  0.236463E+01
  0.232715E+01
  0.242067E+01
  0.253030E+01
  0.263178E+01
  0.274761E+01
  0.288942E+01
  0.301348E+01
  0.315505E+01
  0.328474E+01
  0.342954E+01
  0.355329E+01
  0.369277E+01
  0.384506E+01
  0.397493E+01
  0.409267E+01
  0.423224E+01
  0.435594E+01
  0.448184E+01
  0.463408E+01
  0.478199E+01
  0.489191E+01
  0.497321E+01
  0.512276E+01
  0.527622E+01
  0.540555E+01
  0.550959E+01
  0.560321E+01
  0.572731E+01
  0.585816E+01
  0.597785E+01
  0.605278E+01
  0.612582E+01
  0.619919E+01
  0.627140E+01
  0.631705E+01
  0.634924E+01
  0.636233E+01
  0.633727E+01
  0.632529E+01
  0.630856E+01
  0.627529E+01
  0.622303E+01
  0.617906E+01
  0.616607E+01
  0.613273E+01
  0.609780E+01
  0.606770E+01
  0.609720E+01
  0.614912E+01
  0.621512E+01
  0.629788E+01
  0.639545E+01
  0.652436E+01
  0.666204E+01
  0.680855E+01
  0.698282E+01
  0.715779E+01
  0.733416E+01
  0.752701E+01
  0.771994E+01
  0.791204E+01
  0.809413E+01
  0.827985E+01
  0.847007E+01
  0.865143E+01
  0.883295E+01
  0.901390E+01
  0.919258E+01
  0.936788E+01
  0.953832E+01
  0.970649E+01
  0.987071E+01
  0.100330E+02
  0.102067E+02
  0.103705E+02
  0.105274E+02
  0.106770E+02
  0.108261E+02
  0.109780E+02
  0.111309E+02
  0.112799E+02
  0.114319E+02
  0.115792E+02
  0.117288E+02
  0.118813E+02
  0.120302E+02
  0.121837E+02
  0.123327E+02
  0.124871E+02
  0.126394E+02
  0.127913E+02
  0.129410E+02
  0.130883E+02
  0.132352E+02
  0.133752E+02
  0.135079E+02
  0.136337E+02
  0.137512E+02
  0.138600E+02
  0.139536E+02
  0.140361E+02
  0.141033E+02
  0.141557E+02
  0.141900E+02
  0.142064E+02
  0.142015E+02
  0.141753E+02
  0.141188E+02
  0.140338E+02
  0.139151E+02
  0.137575E+02
  0.135546E+02
  0.132979E+02
  0.129859E+02
  0.125931E+02
  0.121142E+02
  0.115287E+02
  0.107944E+02
  0.987777E+01
  0.911386E+01
  0.113877E+02
  0.122500E+00
 -0.956793E-03
 -0.191441E-02
 -0.216453E-02
 -0.237506E-02
 -0.248732E-02
 -0.248097E-02
 -0.239844E-02
 -0.221767E-02
 -0.195776E-02
 -0.180480E-02
 -0.188733E-02
 -0.236748E-02
 -0.318210E-02
 -0.428497E-02
 -0.485010E-02
 -0.515054E-02
 -0.513224E-02
 -0.483592E-02
 -0.447424E-02
 -0.410996E-02
 -0.388094E-02
 -0.382144E-02
 -0.398458E-02
 -0.443321E-02
 -0.499272E-02
 -0.551500E-02
 -0.613072E-02
 -0.660163E-02
 -0.676517E-02
 -0.683196E-02
 -0.685273E-02
 -0.681572E-02
 -0.673746E-02
 -0.661688E-02
 -0.645655E-02
 -0.628464E-02
 -0.608832E-02
 -0.587483E-02
 -0.566146E-02
 -0.544224E-02
 -0.522106E-02
 -0.498213E-02
 -0.475785E-02
 -0.452527E-02
 -0.429195E-02
 -0.405336E-02
 -0.381287E-02
 -0.357555E-02
 -0.333792E-02
 -0.312120E-02
 -0.291046E-02
 -0.271586E-02
 -0.252989E-02
 -0.235356E-02
 -0.221433E-02
 -0.209804E-02
 -0.201408E-02
 -0.196570E-02
 -0.196936E-02
 -0.204090E-02
 -0.217730E-02
 -0.239732E-02
 -0.274419E-02
 -0.320042E-02
 -0.376070E-02
 -0.447629E-02
 -0.532913E-02
 -0.628446E-02
 -0.737224E-02
 -0.858082E-02
 -0.986452E-02
 -0.112357E-01
 -0.126767E-01
 -0.141580E-01
 -0.156730E-01
 -0.172061E-01
 -0.187472E-01
 -0.202676E-01
 -0.217671E-01
 -0.232491E-01
 -0.246804E-01
 -0.260797E-01
 -0.274490E-01
 -0.287735E-01
 -0.300698E-01
 -0.313386E-01
 -0.325801E-01
 -0.338039E-01
 -0.350064E-01
 -0.362021E-01
 -0.373888E-01
 -0.385608E-01
 -0.397408E-01
 -0.409166E-01
 -0.420791E-01
 -0.432593E-01
 -0.444350E-01
 -0.455978E-01
 -0.467908E-01
 -0.479787E-01
 -0.491630E-01
 -0.503919E-01
 -0.516157E-01
 -0.528573E-01
 -0.541463E-01
 -0.554300E-01
 -0.567601E-01
 -0.581175E-01
 -0.594663E-01
 -0.608979E-01
 -0.623191E-01
 -0.637810E-01
 -0.652880E-01
 -0.667853E-01
 -0.683848E-01
 -0.699625E-01
 -0.716257E-01
 -0.732998E-01
 -0.750282E-01
 -0.767962E-01
 -0.785938E-01
 -0.804416E-01
 -0.823067E-01
 -0.842108E-01
 -0.861377E-01
 -0.880636E-01
 -0.900391E-01
 -0.919484E-01
 -0.939231E-01
 -0.958531E-01
 -0.977526E-01
 -0.996968E-01
 -0.101630E+00
 -0.103557E+00
 -0.105525E+00
 -0.107565E+00
 -0.109656E+00
 -0.111787E+00
 -0.113960E+00
 -0.116218E+00
 -0.118577E+00
 -0.120994E+00
 -0.123564E+00
 -0.126269E+00
 -0.129431E+00
 -0.134441E+00
 -0.145571E+00
 -0.170700E+00
 -0.205861E+00
 -0.227996E+00
  0.389142E-02
  0.111984E-01
  0.129386E-01
  0.146313E-01
  0.157435E-01
  0.164949E-01
  0.174068E-01
  0.184130E-01
  0.195275E-01
  0.205260E-01
  0.208159E-01
  0.198214E-01
  0.187609E-01
  0.173184E-01
  0.153547E-01
  0.132661E-01
  0.110423E-01
  0.889154E-02
  0.701446E-02
  0.562139E-02
  0.475022E-02
  0.434529E-02
  0.416335E-02
  0.406469E-02
  0.402382E-02
  0.397464E-02
  0.395037E-02
  0.403757E-02
  0.407813E-02
  0.407403E-02
  0.401628E-02
  0.389771E-02
  0.373195E-02
  0.354316E-02
  0.332835E-02
  0.310730E-02
  0.288271E-02
  0.265637E-02
  0.242622E-02
  0.219021E-02
  0.197732E-02
  0.178693E-02
  0.161379E-02
  0.145504E-02
  0.131940E-02
  0.120013E-02
  0.109918E-02
  0.101605E-02
  0.939735E-03
  0.866639E-03
  0.780880E-03
  0.705772E-03
  0.650486E-03
  0.617369E-03
  0.596488E-03
  0.592471E-03
  0.609680E-03
  0.648646E-03
  0.731180E-03
  0.855645E-03
  0.101165E-02
  0.120243E-02
  0.144764E-02
  0.173274E-02
  0.205502E-02
  0.242453E-02
  0.282290E-02
  0.324828E-02
  0.370199E-02
  0.417949E-02
  0.467285E-02
  0.517330E-02
  0.568143E-02
  0.618924E-02
  0.667732E-02
  0.714461E-02
  0.759712E-02
  0.801217E-02
  0.840987E-02
  0.879183E-02
  0.914027E-02
  0.947588E-02
  0.979673E-02
  0.101000E-01
  0.103971E-01
  0.106863E-01
  0.109742E-01
  0.112619E-01
  0.115488E-01
  0.118409E-01
  0.121332E-01
  0.124240E-01
  0.127164E-01
  0.130074E-01
  0.132930E-01
  0.135774E-01
  0.138577E-01
  0.141307E-01
  0.144013E-01
  0.146659E-01
  0.149246E-01
  0.151856E-01
  0.154449E-01
  0.157061E-01
  0.159747E-01
  0.162331E-01
  0.164926E-01
  0.167498E-01
  0.169980E-01
  0.172469E-01
  0.174857E-01
  0.177209E-01
  0.179537E-01
  0.181763E-01
  0.184011E-01
  0.186135E-01
  0.188251E-01
  0.190284E-01
  0.192266E-01
  0.194185E-01
  0.196018E-01
  0.197793E-01
  0.199494E-01
  0.201145E-01
  0.202724E-01
  0.204224E-01
  0.205653E-01
  0.206963E-01
  0.208164E-01
  0.209227E-01
  0.210150E-01
  0.210888E-01
  0.211467E-01
  0.211898E-01
  0.212230E-01
  0.212452E-01
  0.212473E-01
  0.212195E-01
  0.211556E-01
  0.210563E-01
  0.209301E-01
  0.207671E-01
  0.205361E-01
  0.202257E-01
  0.198143E-01
  0.191763E-01
  0.177827E-01
  0.144092E-01
  0.110453E-01
  0.435237E-01
  0.127324E+01
  0.127321E+01
  0.127312E+01
  0.127298E+01
  0.127278E+01
  0.127252E+01
  0.127221E+01
  0.127183E+01
  0.127140E+01
  0.127091E+01
  0.127037E+01
  0.126977E+01
  0.126910E+01
  0.126838E+01
  0.126761E+01
  0.126677E+01
  0.126588E+01
  0.126493E+01
  0.126391E+01
  0.126285E+01
  0.126172E+01
  0.126053E+01
  0.125928E+01
  0.125798E+01
  0.125661E+01
  0.125519E+01
  0.125371E+01
  0.125216E+01
  0.125056E+01
  0.124889E+01
  0.124716E+01
  0.124538E+01
  0.124353E+01
  0.124162E+01
  0.123965E+01
  0.123761E+01
  0.123552E+01
  0.123336E+01
  0.123114E+01
  0.122885E+01
  0.122650E+01
  0.122409E+01
  0.122161E+01
  0.121907E+01
  0.121646E+01
  0.121378E+01
  0.121104E+01
  0.120824E+01
  0.120536E+01
  0.120242E+01
  0.119941E+01
  0.119633E+01
  0.119318E+01
  0.118997E+01
  0.118668E+01
  0.118332E+01
  0.117989E+01
  0.117639E+01
  0.117282E+01
  0.116917E+01
  0.116545E+01
  0.116165E+01
  0.115778E+01
  0.115383E+01
  0.114980E+01
  0.114570E+01
  0.114152E+01
  0.113725E+01
  0.113291E+01
  0.112849E+01
  0.112398E+01
  0.111939E+01
  0.111472E+01
  0.110996E+01
  0.110511E+01
  0.110018E+01
  0.109516E+01
  0.109004E+01
  0.108484E+01
  0.107954E+01
  0.107415E+01
  0.106867E+01
  0.106308E+01
  0.105740E+01
  0.105162E+01
  0.104574E+01
  0.103975E+01
  0.103366E+01
  0.102746E+01
  0.102115E+01
  0.101473E+01
  0.100819E+01
  0.100154E+01
  0.994777E+00
  0.987889E+00
  0.980879E+00
  0.973744E+00
  0.966480E+00
  0.959086E+00
  0.951557E+00
  0.943890E+00
  0.936083E+00
  0.928132E+00
  0.920032E+00
  0.911781E+00
  0.903373E+00
  0.894805E+00
  0.886071E+00
  0.877167E+00
  0.868088E+00
  0.858828E+00
  0.849381E+00
  0.839740E+00
  0.829900E+00
  0.819853E+00
  0.809590E+00
  0.799105E+00
  0.788387E+00
  0.777428E+00
  0.766217E+00
  0.754743E+00
  0.742993E+00
  0.730955E+00
  0.718613E+00
  0.705952E+00
  0.692955E+00
  0.679601E+00
  0.665870E+00
  0.651739E+00
  0.637179E+00
  0.622161E+00
  0.606651E+00
  0.590611E+00
  0.573995E+00
  0.556753E+00
  0.538824E+00
  0.520137E+00
  0.500608E+00
  0.480133E+00
  0.458585E+00
  0.435807E+00
  0.411593E+00
  0.385673E+00
  0.357677E+00
  0.327071E+00
  0.293040E+00
  0.254212E+00
  0.207914E+00
  0.147266E+00
  0.000000E+00
  0.995381E+00
  0.997144E+00
  0.997059E+00
  0.996877E+00
  0.996461E+00
  0.995587E+00
  0.995723E+00
  0.996186E+00
  0.995653E+00
  0.982678E+00
  0.937415E+00
  0.863069E+00
  0.778368E+00
  0.687706E+00
  0.606751E+00
  0.534375E+00
  0.470151E+00
  0.417151E+00
  0.372383E+00
  0.334277E+00
  0.302796E+00
  0.277585E+00
  0.256646E+00
  0.240299E+00
  0.227231E+00
  0.217321E+00
  0.211629E+00
  0.209771E+00
  0.209798E+00
  0.209894E+00
  0.209886E+00
  0.209882E+00
  0.209939E+00
  0.210003E+00
  0.210047E+00
  0.210068E+00
  0.210071E+00
  0.210055E+00
  0.210062E+00
  0.210069E+00
  0.210067E+00
  0.210053E+00
  0.210056E+00
  0.210139E+00
  0.210114E+00
  0.210077E+00
  0.210071E+00
  0.210101E+00
  0.210098E+00
  0.210106E+00
  0.210085E+00
  0.210087E+00
  0.210099E+00
  0.210295E+00
  0.210298E+00
  0.210031E+00
  0.210025E+00
  0.210013E+00
  0.210002E+00
  0.210007E+00
  0.210012E+00
  0.210019E+00
  0.209987E+00
  0.209985E+00
  0.209985E+00
  0.210009E+00
  0.210003E+00
  0.209999E+00
  0.209995E+00
  0.209993E+00
  0.209990E+00
  0.209967E+00
  0.209909E+00
  0.209893E+00
  0.209868E+00
  0.209884E+00
  0.209864E+00
  0.209845E+00
  0.209828E+00
  0.209813E+00
  0.209785E+00
  0.209769E+00
  0.209802E+00
  0.209842E+00
  0.209876E+00
  0.209914E+00
  0.209942E+00
  0.209970E+00
  0.210001E+00
  0.210029E+00
  0.210051E+00
  0.210077E+00
  0.210099E+00
  0.210121E+00
  0.210146E+00
  0.210173E+00
  0.210203E+00
  0.210246E+00
  0.210248E+00
  0.210262E+00
  0.210277E+00
  0.210282E+00
  0.210290E+00
  0.210302E+00
  0.210305E+00
  0.210310E+00
  0.210310E+00
  0.210308E+00
  0.210308E+00
  0.210310E+00
  0.210316E+00
  0.210319E+00
  0.210320E+00
  0.210324E+00
  0.210319E+00
  0.210317E+00
  0.210306E+00
  0.210294E+00
  0.210272E+00
  0.210240E+00
  0.210204E+00
  0.210161E+00
  0.210121E+00
  0.210083E+00
  0.210046E+00
  0.210011E+00
  0.209974E+00
  0.209937E+00
  0.209889E+00
  0.209844E+00
  0.209801E+00
  0.209761E+00
  0.209713E+00
  0.209652E+00
  0.209569E+00
  0.209599E+00
  0.209685E+00
  0.209768E+00
  0.209839E+00
  0.209899E+00
  0.209965E+00
  0.210029E+00
  0.210088E+00
  0.210137E+00
  0.210186E+00
  0.210209E+00
  0.210229E+00
  0.210251E+00
  0.210275E+00
  0.321876E+00
 -0.761171E+02
 -0.722837E+02
 -0.721443E+02
 -0.738808E+02
 -0.737673E+02
 -0.736062E+02
 -0.733874E+02
 -0.731392E+02
 -0.745861E+02
  0.739599E+02
  0.826447E+02
  0.808749E+02
  0.788858E+02
  0.767470E+02
  0.749715E+02
  0.731974E+02
  0.716250E+02
  0.702780E+02
  0.691257E+02
  0.682838E+02
  0.674950E+02
  0.668586E+02
  0.663687E+02
  0.660594E+02
  0.659122E+02
  0.657731E+02
  0.660745E+02
  0.666211E+02
  0.673044E+02
  0.680343E+02
  0.686901E+02
  0.693288E+02
  0.699511E+02
  0.705787E+02
  0.711911E+02
  0.717579E+02
  0.722604E+02
  0.727237E+02
  0.731532E+02
  0.735793E+02
  0.739883E+02
  0.744000E+02
  0.747663E+02
  0.752972E+02
  0.756496E+02
  0.760012E+02
  0.763518E+02
  0.767025E+02
  0.769875E+02
  0.773417E+02
  0.776447E+02
  0.779504E+02
  0.782589E+02
  0.789461E+02
  0.792161E+02
  0.789348E+02
  0.791995E+02
  0.794603E+02
  0.797235E+02
  0.799378E+02
  0.801468E+02
  0.803529E+02
  0.804700E+02
  0.806451E+02
  0.808152E+02
  0.810234E+02
  0.811751E+02
  0.813282E+02
  0.814829E+02
  0.816392E+02
  0.817932E+02
  0.819396E+02
  0.820269E+02
  0.821630E+02
  0.822684E+02
  0.824365E+02
  0.825446E+02
  0.826537E+02
  0.827641E+02
  0.828757E+02
  0.829884E+02
  0.831024E+02
  0.832170E+02
  0.832610E+02
  0.833700E+02
  0.834795E+02
  0.835696E+02
  0.836600E+02
  0.837514E+02
  0.838147E+02
  0.838773E+02
  0.839405E+02
  0.839951E+02
  0.840496E+02
  0.841047E+02
  0.841604E+02
  0.842168E+02
  0.843435E+02
  0.843315E+02
  0.843899E+02
  0.844490E+02
  0.845087E+02
  0.845692E+02
  0.846240E+02
  0.846690E+02
  0.847146E+02
  0.847606E+02
  0.848072E+02
  0.848545E+02
  0.849023E+02
  0.849508E+02
  0.849993E+02
  0.850481E+02
  0.850969E+02
  0.851419E+02
  0.851875E+02
  0.852311E+02
  0.852746E+02
  0.853169E+02
  0.853584E+02
  0.854002E+02
  0.854420E+02
  0.854826E+02
  0.855217E+02
  0.855613E+02
  0.856015E+02
  0.856422E+02
  0.856836E+02
  0.857256E+02
  0.857682E+02
  0.858115E+02
  0.858554E+02
  0.858999E+02
  0.859447E+02
  0.859886E+02
  0.860298E+02
  0.860717E+02
  0.861141E+02
  0.861573E+02
  0.862004E+02
  0.862391E+02
  0.862778E+02
  0.863172E+02
  0.863573E+02
  0.863979E+02
  0.865359E+02
  0.865776E+02
  0.866198E+02
  0.866618E+02
 -0.389585E+01
  0.218583E+00
  0.217696E+00
  0.216798E+00
  0.215897E+00
  0.215015E+00
  0.213402E+00
  0.210908E+00
  0.207942E+00
  0.203973E+00
  0.202040E+00
  0.206768E+00
  0.219200E+00
  0.237282E+00
  0.261628E+00
  0.289801E+00
  0.321953E+00
  0.357711E+00
  0.396481E+00
  0.437902E+00
  0.481618E+00
  0.525210E+00
  0.568715E+00
  0.610872E+00
  0.649259E+00
  0.683195E+00
  0.710625E+00
  0.726099E+00
  0.729151E+00
  0.725913E+00
  0.722685E+00
  0.719488E+00
  0.716335E+00
  0.713222E+00
  0.710184E+00
  0.707187E+00
  0.704174E+00
  0.701074E+00
  0.697936E+00
  0.694768E+00
  0.691628E+00
  0.688478E+00
  0.685364E+00
  0.682225E+00
  0.679132E+00
  0.676051E+00
  0.672993E+00
  0.669951E+00
  0.666931E+00
  0.663917E+00
  0.660882E+00
  0.657866E+00
  0.654861E+00
  0.651873E+00
  0.648882E+00
  0.645851E+00
  0.642844E+00
  0.639830E+00
  0.636817E+00
  0.633816E+00
  0.630739E+00
  0.627666E+00
  0.624592E+00
  0.621487E+00
  0.618391E+00
  0.615292E+00
  0.612199E+00
  0.609111E+00
  0.606027E+00
  0.602947E+00
  0.599872E+00
  0.596795E+00
  0.593721E+00
  0.590653E+00
  0.587566E+00
  0.584461E+00
  0.581358E+00
  0.578258E+00
  0.575161E+00
  0.572065E+00
  0.568971E+00
  0.565878E+00
  0.562787E+00
  0.559698E+00
  0.556624E+00
  0.553554E+00
  0.550485E+00
  0.547428E+00
  0.544378E+00
  0.541330E+00
  0.538230E+00
  0.535137E+00
  0.532045E+00
  0.528961E+00
  0.525883E+00
  0.522806E+00
  0.519729E+00
  0.516652E+00
  0.513576E+00
  0.510501E+00
  0.507426E+00
  0.504352E+00
  0.501281E+00
  0.498211E+00
  0.495131E+00
  0.492056E+00
  0.488981E+00
  0.485906E+00
  0.482832E+00
  0.479757E+00
  0.476684E+00
  0.473610E+00
  0.470536E+00
  0.467462E+00
  0.464385E+00
  0.461299E+00
  0.458213E+00
  0.455140E+00
  0.452074E+00
  0.449014E+00
  0.445962E+00
  0.442906E+00
  0.439847E+00
  0.436769E+00
  0.433672E+00
  0.430574E+00
  0.427477E+00
  0.424381E+00
  0.421284E+00
  0.418188E+00
  0.415092E+00
  0.411996E+00
  0.408900E+00
  0.405805E+00
  0.402715E+00
  0.399640E+00
  0.396599E+00
  0.393557E+00
  0.390516E+00
  0.387475E+00
  0.384426E+00
  0.381316E+00
  0.378198E+00
  0.375082E+00
  0.371965E+00
  0.368844E+00
  0.365698E+00
  0.362554E+00
  0.359409E+00
  0.356264E+00
  0.391341E-05
