40 ## Number of blade sections
9 ## Number of lofts
2 ## Number of spars
1     Cylinder.dat
2     Cylinder.dat
3     ffaw3600.dat
4     ffaw3600.dat
5     ffaw3600.dat
6     ffaw3480.dat
7     ffaw3480.dat
8     ffaw3360.dat
9     ffaw3360.dat
10     ffaw3301.dat
11     ffaw3301.dat
12     ffaw3301.dat
13     ffaw3241.dat
14     ffaw3241.dat
15     ffaw3241.dat
16     ffaw3241.dat
17     ffaw3241.dat
18     ffaw3241.dat
19     ffaw3241.dat
20     ffaw3241.dat
21     ffaw3241.dat
22     ffaw3241.dat
23     ffaw3241.dat
24     ffaw3241.dat
25     ffaw3241.dat
26     ffaw3241.dat
27     ffaw3241.dat
28     ffaw3241.dat
29     ffaw3241.dat
30     ffaw3241.dat
31     ffaw3241.dat
32     ffaw3241.dat
33     ffaw3241.dat
34     ffaw3241.dat
35     ffaw3241.dat
36     ffaw3241.dat
37     ffaw3241.dat
38     ffaw3241.dat
39     ffaw3241.dat
40     ffaw3241.dat
#NODE RNODES   TWIST   DRNODES  CHORD  AEROCENT  AEROORIG LOFT  
1	0.000000e+00	1.4500E+01	0	5.3800E+00	0.125	0.25	1	
2	2.643018e+00	1.4500E+01	0	5.3803E+00	0.125	0.25	1	
3	5.379770e+00	1.4500E+01	0	5.3800E+00	0.125	0.25	2	
4	8.202738e+00	1.4460E+01	0	5.4525E+00	0.125	0.25	2	
5	1.110314e+01	1.4231E+01	0	5.6176E+00	0.125	0.25	2	
6	1.407102e+01	1.3736E+01	0	5.7204E+00	0.125	0.25	2	
7	1.709533e+01	1.2993E+01	0	5.7222E+00	0.125	0.25	2	
8	2.016412e+01	1.2151E+01	0	5.6254E+00	0.125	0.25	3	
9	2.326467e+01	1.1332E+01	0	5.4757E+00	0.125	0.25	3	
10	2.638370e+01	1.0583E+01	0	5.3264E+00	0.125	0.25	3	
11	2.950764e+01	9.9325E+00	0	5.1890E+00	0.125	0.25	3	
12	3.262279e+01	9.3499E+00	0	5.0415E+00	0.125	0.25	3	
13	3.571564e+01	8.8025E+00	0	4.8575E+00	0.125	0.25	4	
14	3.877302e+01	8.2618E+00	0	4.6611E+00	0.125	0.25	4	
15	4.178239e+01	7.6948E+00	0	4.4552E+00	0.125	0.25	4	
16	4.473200e+01	7.1142E+00	0	4.2568E+00	0.125	0.25	4	
17	4.761106e+01	6.5352E+00	0	4.0392E+00	0.125	0.25	4	
18	5.040992e+01	5.9670E+00	0	3.8328E+00	0.125	0.25	5	
19	5.312010e+01	5.4155E+00	0	3.6304E+00	0.125	0.25	5	
20	5.573444e+01	4.9019E+00	0	3.4382E+00	0.125	0.25	5	
21	5.824705e+01	4.4412E+00	0	3.2537E+00	0.125	0.25	5	
22	6.065336e+01	4.0155E+00	0	3.0814E+00	0.125	0.25	5	
23	6.295010e+01	3.6317E+00	0	2.9207E+00	0.125	0.25	6	
24	6.513516e+01	3.2810E+00	0	2.7688E+00	0.125	0.25	6	
25	6.720760e+01	2.9679E+00	0	2.6321E+00	0.125	0.25	6	
26	6.916749e+01	2.6809E+00	0	2.4974E+00	0.125	0.25	6	
27	7.101585e+01	2.4213E+00	0	2.3905E+00	0.125	0.25	6	
28	7.275451e+01	2.1793E+00	0	2.2840E+00	0.125	0.25	7	
29	7.438597e+01	1.9525E+00	0	2.1854E+00	0.125	0.25	7	
30	7.591335e+01	1.7422E+00	0	2.0958E+00	0.125	0.25	7	
31	7.734022e+01	1.5473E+00	0	2.0076E+00	0.125	0.25	7	
32	7.867052e+01	1.3627E+00	0	1.9172E+00	0.125	0.25	7	
33	7.990848e+01	1.1939E+00	0	1.8231E+00	0.125	0.25	8	
34	8.105852e+01	1.0378E+00	0	1.7312E+00	0.125	0.25	8	
35	8.212516e+01	9.0090E-01	0	1.6338E+00	0.125	0.25	8	
36	8.311296e+01	7.8160E-01	0	1.5275E+00	0.125	0.25	8	
37	8.402649e+01	6.7670E-01	0	1.4320E+00	0.125	0.25	8	
38	8.487025e+01	5.8410E-01	0	1.2972E+00	0.125	0.25	9	
39	8.564866e+01	5.0410E-01	0	1.1633E+00	0.125	0.25	9	
40	8.636600e+01	4.3060E-01	0	6.0000E-01	0.125	0.25	9	
#SPAR PERCENTAGE
0.15
0.5
