1.0 -2.0816681711721685e-17
0.9916666666666667 0.0015059119284731338
0.9833333333333333 0.0029957113593936935
0.975 0.004469673734034042
0.9666666666666667 0.005928064432670643
0.9583333333333334 0.007371138742290919
0.95 0.008799141823033572
0.9416666666666667 0.010212308673300724
0.9333333333333333 0.011610864093478505
0.925 0.012995022648195822
0.9166666666666666 0.014364988627050008
0.9083333333333333 0.01572095600372168
0.9 0.017063108393398113
0.8916666666666667 0.018391619008418153
0.8833333333333333 0.019706650612047
0.875 0.02100835547028433
0.8666666666666667 0.022296875301601755
0.8583333333333333 0.023572341224500044
0.85 0.024834873702769374
0.8416666666666667 0.02608458248832878
0.8333333333333334 0.02732156656151214
0.825 0.028545914068660187
0.8166666666666667 0.02975770225686814
0.8083333333333333 0.030956997405729842
0.8 0.03214385475590626
0.7916666666666666 0.03331831843433703
0.7833333333333333 0.03448042137589975
0.775 0.03563018524130848
0.7666666666666667 0.036767620331028775
0.7583333333333333 0.037892725494970164
0.75 0.039005488037699876
0.7416666666666667 0.04010588361890424
0.7333333333333333 0.04119387614880234
0.725 0.042269417678195545
0.7166666666666667 0.04333244828281354
0.7083333333333334 0.044382895941590096
0.7 0.045420676408475254
0.6916666666666667 0.04644569307735907
0.6833333333333333 0.04745783683964897
0.675 0.04845698593400681
0.6666666666666666 0.04944300578771103
0.6583333333333333 0.05041574884906673
0.65 0.051375054410237944
0.6416666666666667 0.0523207484198249
0.6333333333333333 0.05325264328445088
0.625 0.05417053765856095
0.6166666666666667 0.05507421622156483
0.6083333333333333 0.055963449441380125
0.6 0.056837993323347304
0.5916666666666667 0.05769758914339547
0.5833333333333334 0.05854196316423378
0.575 0.05937082633323041
0.5666666666666667 0.06018387396051313
0.5583333333333333 0.06098078537568655
0.55 0.061761223561402664
0.5416666666666666 0.06252483476184933
0.5333333333333333 0.06327124806402457
0.525 0.06400007494944915
0.5166666666666667 0.06471090881372596
0.5083333333333333 0.06540332445108074
0.5 0.06607687750071448
0.49166666666666664 0.06673110385145029
0.48333333333333334 0.06736551900077026
0.475 0.067979617363897
0.4666666666666667 0.06857287152807763
0.4583333333333333 0.06914473144666262
0.45 0.0696946235669297
0.44166666666666665 0.07022194988487207
0.43333333333333335 0.0707260869193329
0.425 0.07120638459691246
0.4166666666666667 0.0716621650379746
0.4083333333333333 0.07209272123281546
0.4 0.07249731559559877
0.39166666666666666 0.07287517838197329
0.38333333333333336 0.07322550595432971
0.375 0.07354745887637354
0.36666666666666664 0.0738401598160281
0.35833333333333334 0.07410269123256222
0.35 0.07433409282017067
0.3416666666666667 0.07453335867590925
0.3333333333333333 0.07469943415476288
0.325 0.07483121236853779
0.31666666666666665 0.07492753027799635
0.30833333333333335 0.07498716431894162
0.3 0.07500882549246285
0.2916666666666667 0.0749911538368563
0.2833333333333333 0.07493271218329633
0.275 0.07483197907845675
0.26666666666666666 0.07468734073408338
0.25833333333333336 0.07449708183483239
0.25 0.074259375
0.24166666666666667 0.07397226865007375
0.23333333333333334 0.07363367297266518
0.225 0.07324134361076157
0.21666666666666667 0.07279286260450459
0.20833333333333334 0.07228561599921675
0.2 0.07171676737795313
0.19166666666666668 0.07108322637355838
0.18333333333333332 0.07038161094477155
0.175 0.06960820183705015
0.16666666666666666 0.06875888715311478
0.15833333333333333 0.06782909427388054
0.15 0.06681370541167365
0.14166666666666666 0.0657069517126061
0.13333333333333333 0.06450227884682709
0.125 0.06319217410191974
0.11666666666666667 0.06176794057885364
0.10833333333333334 0.060219397254516
0.1 0.058534472797799386
0.09166666666666666 0.05669864316466913
0.08333333333333333 0.054694132586640694
0.075 0.05249874356654392
0.06666666666666667 0.05008408073741206
0.058333333333333334 0.047412733944376576
0.05 0.044433561188976574
0.041666666666666664 0.041073221607518036
0.03333333333333333 0.037219508127117246
0.025 0.0326839976879622
0.016666666666666666 0.027099950044631952
0.008333333333333333 0.01952166393479705
0.0 0.0
0.008333333333333333 -0.01952166393479705
0.016666666666666666 -0.027099950044631952
0.025 -0.0326839976879622
0.03333333333333333 -0.037219508127117246
0.041666666666666664 -0.041073221607518036
0.05 -0.044433561188976574
0.058333333333333334 -0.047412733944376576
0.06666666666666667 -0.05008408073741206
0.075 -0.05249874356654392
0.08333333333333333 -0.054694132586640694
0.09166666666666666 -0.05669864316466913
0.1 -0.058534472797799386
0.10833333333333334 -0.060219397254516
0.11666666666666667 -0.06176794057885364
0.125 -0.06319217410191974
0.13333333333333333 -0.06450227884682709
0.14166666666666666 -0.0657069517126061
0.15 -0.06681370541167365
0.15833333333333333 -0.06782909427388054
0.16666666666666666 -0.06875888715311478
0.175 -0.06960820183705015
0.18333333333333332 -0.07038161094477155
0.19166666666666668 -0.07108322637355838
0.2 -0.07171676737795313
0.20833333333333334 -0.07228561599921675
0.21666666666666667 -0.07279286260450459
0.225 -0.07324134361076157
0.23333333333333334 -0.07363367297266518
0.24166666666666667 -0.07397226865007375
0.25 -0.074259375
0.25833333333333336 -0.07449708183483239
0.26666666666666666 -0.07468734073408338
0.275 -0.07483197907845675
0.2833333333333333 -0.07493271218329633
0.2916666666666667 -0.0749911538368563
0.3 -0.07500882549246285
0.30833333333333335 -0.07498716431894162
0.31666666666666665 -0.07492753027799635
0.325 -0.07483121236853779
0.3333333333333333 -0.07469943415476288
0.3416666666666667 -0.07453335867590925
0.35 -0.07433409282017067
0.35833333333333334 -0.07410269123256222
0.36666666666666664 -0.0738401598160281
0.375 -0.07354745887637354
0.38333333333333336 -0.07322550595432971
0.39166666666666666 -0.07287517838197329
0.4 -0.07249731559559877
0.4083333333333333 -0.07209272123281546
0.4166666666666667 -0.0716621650379746
0.425 -0.07120638459691246
0.43333333333333335 -0.0707260869193329
0.44166666666666665 -0.07022194988487207
0.45 -0.0696946235669297
0.4583333333333333 -0.06914473144666262
0.4666666666666667 -0.06857287152807763
0.475 -0.067979617363897
0.48333333333333334 -0.06736551900077026
0.49166666666666664 -0.06673110385145029
0.5 -0.06607687750071448
0.5083333333333333 -0.06540332445108074
0.5166666666666667 -0.06471090881372596
0.525 -0.06400007494944915
0.5333333333333333 -0.06327124806402457
0.5416666666666666 -0.06252483476184933
0.55 -0.061761223561402664
0.5583333333333333 -0.06098078537568655
0.5666666666666667 -0.06018387396051313
0.575 -0.05937082633323041
0.5833333333333334 -0.05854196316423378
0.5916666666666667 -0.05769758914339547
0.6 -0.056837993323347304
0.6083333333333333 -0.055963449441380125
0.6166666666666667 -0.05507421622156483
0.625 -0.05417053765856095
0.6333333333333333 -0.05325264328445088
0.6416666666666667 -0.0523207484198249
0.65 -0.051375054410237944
0.6583333333333333 -0.05041574884906673
0.6666666666666666 -0.04944300578771103
0.675 -0.04845698593400681
0.6833333333333333 -0.04745783683964897
0.6916666666666667 -0.04644569307735907
0.7 -0.045420676408475254
0.7083333333333334 -0.044382895941590096
0.7166666666666667 -0.04333244828281354
0.725 -0.042269417678195545
0.7333333333333333 -0.04119387614880234
0.7416666666666667 -0.04010588361890424
0.75 -0.039005488037699876
0.7583333333333333 -0.037892725494970164
0.7666666666666667 -0.036767620331028775
0.775 -0.03563018524130848
0.7833333333333333 -0.03448042137589975
0.7916666666666666 -0.03331831843433703
0.8 -0.03214385475590626
0.8083333333333333 -0.030956997405729842
0.8166666666666667 -0.02975770225686814
0.825 -0.028545914068660187
0.8333333333333334 -0.02732156656151214
0.8416666666666667 -0.02608458248832878
0.85 -0.024834873702769374
0.8583333333333333 -0.023572341224500044
0.8666666666666667 -0.022296875301601755
0.875 -0.02100835547028433
0.8833333333333333 -0.019706650612047
0.8916666666666667 -0.018391619008418153
0.9 -0.017063108393398113
0.9083333333333333 -0.01572095600372168
0.9166666666666666 -0.014364988627050008
0.925 -0.012995022648195822
0.9333333333333333 -0.011610864093478505
0.9416666666666667 -0.010212308673300724
0.95 -0.008799141823033572
0.9583333333333334 -0.007371138742290919
0.9666666666666667 -0.005928064432670643
0.975 -0.004469673734034042
0.9833333333333333 -0.0029957113593936935
0.9916666666666667 -0.0015059119284731338
1.0 2.0816681711721685e-17
