------- AERODYN v15.00.* BLADE DEFINITION INPUT FILE -------------------------------------
20kW UAE Turbine
======  Blade Properties =================================================================
        100   NumBlNds           - Number of blade nodes used in the analysis (-)
  BlSpn        BlCrvAC        BlSwpAC        BlCrvAng       BlTwist        BlChord          BlAFID
   (m)           (m)            (m)            (deg)         (deg)           (m)              (-)
0.0000000E+00  0.0000000E+00  0.0000000E+00  0.0000000E+00  4.7949324E+00  2.1800000E-01      1
3.7500000E-01  0.0000000E+00  0.0000000E+00  0.0000000E+00  4.7949324E+00  1.8277992E-01      1
7.4950000E-01  0.0000000E+00  0.0000000E+00  0.0000000E+00  2.4834932E+01  7.3700000E-01      2
7.8838144E-01  0.0000000E+00  0.0000000E+00  0.0000000E+00  2.4292926E+01  7.4161123E-01      2
8.2726289E-01  0.0000000E+00  0.0000000E+00  0.0000000E+00  2.3064329E+01  7.2927359E-01      2
8.6614433E-01  0.0000000E+00  0.0000000E+00  0.0000000E+00  2.2161262E+01  7.2482818E-01      2
9.0502577E-01  0.0000000E+00  0.0000000E+00  0.0000000E+00  2.1275744E+01  7.2086647E-01      2
9.4390722E-01  0.0000000E+00  0.0000000E+00  0.0000000E+00  2.0392393E+01  7.1690618E-01      2
9.8278866E-01  0.0000000E+00  0.0000000E+00  0.0000000E+00  1.9515964E+01  7.1295111E-01      2
1.0216701E+00  0.0000000E+00  0.0000000E+00  0.0000000E+00  1.8669367E+01  7.0900393E-01      2
1.0605515E+00  0.0000000E+00  0.0000000E+00  0.0000000E+00  1.7944246E+01  7.0505976E-01      2
1.0994330E+00  0.0000000E+00  0.0000000E+00  0.0000000E+00  1.7313078E+01  7.0111604E-01      2
1.1383144E+00  0.0000000E+00  0.0000000E+00  0.0000000E+00  1.6728917E+01  6.9717107E-01      2
1.1771959E+00  0.0000000E+00  0.0000000E+00  0.0000000E+00  1.6157111E+01  6.9321960E-01      2
1.2160773E+00  0.0000000E+00  0.0000000E+00  0.0000000E+00  1.5597711E+01  6.8925861E-01      2
1.2549588E+00  0.0000000E+00  0.0000000E+00  0.0000000E+00  1.5054630E+01  6.8529098E-01      2
1.2938402E+00  0.0000000E+00  0.0000000E+00  0.0000000E+00  1.4531770E+01  6.8131961E-01      2
1.3327216E+00  0.0000000E+00  0.0000000E+00  0.0000000E+00  1.4033034E+01  6.7734738E-01      2
1.3716031E+00  0.0000000E+00  0.0000000E+00  0.0000000E+00  1.3562324E+01  6.7337718E-01      2
1.4104845E+00  0.0000000E+00  0.0000000E+00  0.0000000E+00  1.3123545E+01  6.6941189E-01      2
1.4493660E+00  0.0000000E+00  0.0000000E+00  0.0000000E+00  1.2720318E+01  6.6545520E-01      2
1.4882474E+00  0.0000000E+00  0.0000000E+00  0.0000000E+00  1.2337719E+01  6.6155591E-01      2
1.5271289E+00  0.0000000E+00  0.0000000E+00  0.0000000E+00  1.1966139E+01  6.5772466E-01      2
1.5660103E+00  0.0000000E+00  0.0000000E+00  0.0000000E+00  1.1606521E+01  6.5393776E-01      2
1.6048918E+00  0.0000000E+00  0.0000000E+00  0.0000000E+00  1.1259806E+01  6.5017153E-01      2
1.6437732E+00  0.0000000E+00  0.0000000E+00  0.0000000E+00  1.0926937E+01  6.4640229E-01      2
1.6826546E+00  0.0000000E+00  0.0000000E+00  0.0000000E+00  1.0608856E+01  6.4260636E-01      2
1.7215361E+00  0.0000000E+00  0.0000000E+00  0.0000000E+00  1.0306506E+01  6.3876006E-01      2
1.7604175E+00  0.0000000E+00  0.0000000E+00  0.0000000E+00  1.0020366E+01  6.3482952E-01      2
1.7992990E+00  0.0000000E+00  0.0000000E+00  0.0000000E+00  9.7461527E+00  6.3072233E-01      2
1.8381804E+00  0.0000000E+00  0.0000000E+00  0.0000000E+00  9.4897894E+00  6.2667851E-01      2
1.8770619E+00  0.0000000E+00  0.0000000E+00  0.0000000E+00  9.2457369E+00  6.2276410E-01      2
1.9159433E+00  0.0000000E+00  0.0000000E+00  0.0000000E+00  9.0067309E+00  6.1886966E-01      2
1.9548247E+00  0.0000000E+00  0.0000000E+00  0.0000000E+00  8.7741810E+00  6.1498161E-01      2
1.9937062E+00  0.0000000E+00  0.0000000E+00  0.0000000E+00  8.5494969E+00  6.1108638E-01      2
2.0325876E+00  0.0000000E+00  0.0000000E+00  0.0000000E+00  8.3340879E+00  6.0717038E-01      2
2.0714691E+00  0.0000000E+00  0.0000000E+00  0.0000000E+00  8.1288265E+00  6.0322445E-01      2
2.1103505E+00  0.0000000E+00  0.0000000E+00  0.0000000E+00  7.9309486E+00  5.9927257E-01      2
2.1492320E+00  0.0000000E+00  0.0000000E+00  0.0000000E+00  7.7405255E+00  5.9532069E-01      2
2.1881134E+00  0.0000000E+00  0.0000000E+00  0.0000000E+00  7.5584072E+00  5.9136880E-01      2
2.2269948E+00  0.0000000E+00  0.0000000E+00  0.0000000E+00  7.3854440E+00  5.8741692E-01      2
2.2658763E+00  0.0000000E+00  0.0000000E+00  0.0000000E+00  7.2224860E+00  5.8346503E-01      2
2.3047577E+00  0.0000000E+00  0.0000000E+00  0.0000000E+00  7.0703834E+00  5.7951315E-01      2
2.3436392E+00  0.0000000E+00  0.0000000E+00  0.0000000E+00  6.9299861E+00  5.7556126E-01      2
2.3825206E+00  0.0000000E+00  0.0000000E+00  0.0000000E+00  6.8002445E+00  5.7160938E-01      2
2.4214021E+00  0.0000000E+00  0.0000000E+00  0.0000000E+00  6.6739602E+00  5.6765750E-01      2
2.4602835E+00  0.0000000E+00  0.0000000E+00  0.0000000E+00  6.5503234E+00  5.6370561E-01      2
2.4991649E+00  0.0000000E+00  0.0000000E+00  0.0000000E+00  6.4293118E+00  5.5975373E-01      2
2.5380464E+00  0.0000000E+00  0.0000000E+00  0.0000000E+00  6.3109030E+00  5.5580184E-01      2
2.5769278E+00  0.0000000E+00  0.0000000E+00  0.0000000E+00  6.1950749E+00  5.5184996E-01      2
2.6158093E+00  0.0000000E+00  0.0000000E+00  0.0000000E+00  6.0818050E+00  5.4789807E-01      2
2.6546907E+00  0.0000000E+00  0.0000000E+00  0.0000000E+00  5.9710713E+00  5.4394619E-01      2
2.6935722E+00  0.0000000E+00  0.0000000E+00  0.0000000E+00  5.8696426E+00  5.4034997E-01      2
2.7324536E+00  0.0000000E+00  0.0000000E+00  0.0000000E+00  5.7771429E+00  5.3640188E-01      2
2.7713351E+00  0.0000000E+00  0.0000000E+00  0.0000000E+00  5.6876592E+00  5.3237367E-01      2
2.8102165E+00  0.0000000E+00  0.0000000E+00  0.0000000E+00  5.6014045E+00  5.2829943E-01      2
2.8490979E+00  0.0000000E+00  0.0000000E+00  0.0000000E+00  5.5185919E+00  5.2421325E-01      2
2.8879794E+00  0.0000000E+00  0.0000000E+00  0.0000000E+00  5.4394344E+00  5.2014923E-01      2
2.9268608E+00  0.0000000E+00  0.0000000E+00  0.0000000E+00  5.3641452E+00  5.1614144E-01      2
2.9657423E+00  0.0000000E+00  0.0000000E+00  0.0000000E+00  5.2929374E+00  5.1222398E-01      2
3.0046237E+00  0.0000000E+00  0.0000000E+00  0.0000000E+00  5.2243454E+00  5.0838342E-01      2
3.0435052E+00  0.0000000E+00  0.0000000E+00  0.0000000E+00  5.1564642E+00  5.0456683E-01      2
3.0823866E+00  0.0000000E+00  0.0000000E+00  0.0000000E+00  5.0894699E+00  5.0076427E-01      2
3.1212680E+00  0.0000000E+00  0.0000000E+00  0.0000000E+00  5.0235445E+00  4.9696598E-01      2
3.1601495E+00  0.0000000E+00  0.0000000E+00  0.0000000E+00  4.9588705E+00  4.9316215E-01      2
3.1990309E+00  0.0000000E+00  0.0000000E+00  0.0000000E+00  4.8956301E+00  4.8934302E-01      2
3.2379124E+00  0.0000000E+00  0.0000000E+00  0.0000000E+00  4.8340055E+00  4.8549879E-01      2
3.2767938E+00  0.0000000E+00  0.0000000E+00  0.0000000E+00  4.7741696E+00  4.8161933E-01      2
3.3156753E+00  0.0000000E+00  0.0000000E+00  0.0000000E+00  4.7150967E+00  4.7765984E-01      2
3.3545567E+00  0.0000000E+00  0.0000000E+00  0.0000000E+00  4.6560455E+00  4.7362238E-01      2
3.3934381E+00  0.0000000E+00  0.0000000E+00  0.0000000E+00  4.5970776E+00  4.6954690E-01      2
3.4323196E+00  0.0000000E+00  0.0000000E+00  0.0000000E+00  4.5382545E+00  4.6547333E-01      2
3.4712010E+00  0.0000000E+00  0.0000000E+00  0.0000000E+00  4.4796381E+00  4.6144162E-01      2
3.5100825E+00  0.0000000E+00  0.0000000E+00  0.0000000E+00  4.4212898E+00  4.5749172E-01      2
3.5489639E+00  0.0000000E+00  0.0000000E+00  0.0000000E+00  4.3631404E+00  4.5378652E-01      2
3.5878454E+00  0.0000000E+00  0.0000000E+00  0.0000000E+00  4.3053539E+00  4.4999932E-01      2
3.6267268E+00  0.0000000E+00  0.0000000E+00  0.0000000E+00  4.2479067E+00  4.4604744E-01      2
3.6656082E+00  0.0000000E+00  0.0000000E+00  0.0000000E+00  4.1906682E+00  4.4209556E-01      2
3.7044897E+00  0.0000000E+00  0.0000000E+00  0.0000000E+00  4.1336481E+00  4.3814367E-01      2
3.7433711E+00  0.0000000E+00  0.0000000E+00  0.0000000E+00  4.0768559E+00  4.3419179E-01      2
3.7822526E+00  0.0000000E+00  0.0000000E+00  0.0000000E+00  4.0203011E+00  4.3023990E-01      2
3.8211340E+00  0.0000000E+00  0.0000000E+00  0.0000000E+00  3.9639934E+00  4.2628802E-01      2
3.8600155E+00  0.0000000E+00  0.0000000E+00  0.0000000E+00  3.9079422E+00  4.2233613E-01      2
3.8988969E+00  0.0000000E+00  0.0000000E+00  0.0000000E+00  3.8521452E+00  4.1838425E-01      2
3.9377784E+00  0.0000000E+00  0.0000000E+00  0.0000000E+00  3.7965094E+00  4.1443236E-01      2
3.9766598E+00  0.0000000E+00  0.0000000E+00  0.0000000E+00  3.7410274E+00  4.1048048E-01      2
4.0155412E+00  0.0000000E+00  0.0000000E+00  0.0000000E+00  3.6857175E+00  4.0652860E-01      2
4.0544227E+00  0.0000000E+00  0.0000000E+00  0.0000000E+00  3.6305978E+00  4.0257671E-01      2
4.0933041E+00  0.0000000E+00  0.0000000E+00  0.0000000E+00  3.5756862E+00  3.9862483E-01      2
4.1321856E+00  0.0000000E+00  0.0000000E+00  0.0000000E+00  3.5210011E+00  3.9467294E-01      2
4.1710670E+00  0.0000000E+00  0.0000000E+00  0.0000000E+00  3.4665604E+00  3.9072106E-01      2
4.2099485E+00  0.0000000E+00  0.0000000E+00  0.0000000E+00  3.4123452E+00  3.8685306E-01      2
4.2488299E+00  0.0000000E+00  0.0000000E+00  0.0000000E+00  3.3581892E+00  3.8323457E-01      2
4.2877113E+00  0.0000000E+00  0.0000000E+00  0.0000000E+00  3.3040535E+00  3.7941452E-01      2
4.3265928E+00  0.0000000E+00  0.0000000E+00  0.0000000E+00  3.2498516E+00  3.7538593E-01      2
4.3654742E+00  0.0000000E+00  0.0000000E+00  0.0000000E+00  3.1956279E+00  3.7126193E-01      2
4.4043557E+00  0.0000000E+00  0.0000000E+00  0.0000000E+00  3.1414573E+00  3.6711005E-01      2
4.4432371E+00  0.0000000E+00  0.0000000E+00  0.0000000E+00  3.0874145E+00  3.6299780E-01      2
4.4821186E+00  0.0000000E+00  0.0000000E+00  0.0000000E+00  3.0335742E+00  3.5899271E-01      2
4.5210000E+00  0.0000000E+00  0.0000000E+00  0.0000000E+00  2.9800000E+00  3.5511709E-01      2