 Title= "ADflow Lift Distribution Data"
Variables = "eta" "CoordinateX" "CoordinateY" "CoordinateZ" "Lift" "Drag" "Normalized Lift" "Normalized Drag" "CL" "CD" "CLp" "CDp" "CLv" "CDv" "Ellptical" "thickness" "twist" "chord" 
Zone T= "LiftDist_01 allWalls: : z normal"
 I=          150
 DATAPACKING=BLOCK
  0.000000E+00
  0.671141E-02
  0.134228E-01
  0.201342E-01
  0.268456E-01
  0.335570E-01
  0.402685E-01
  0.469799E-01
  0.536913E-01
  0.604027E-01
  0.671141E-01
  0.738255E-01
  0.805369E-01
  0.872483E-01
  0.939597E-01
  0.100671E+00
  0.107383E+00
  0.114094E+00
  0.120805E+00
  0.127517E+00
  0.134228E+00
  0.140940E+00
  0.147651E+00
  0.154362E+00
  0.161074E+00
  0.167785E+00
  0.174497E+00
  0.181208E+00
  0.187919E+00
  0.194631E+00
  0.201342E+00
  0.208054E+00
  0.214765E+00
  0.221477E+00
  0.228188E+00
  0.234899E+00
  0.241611E+00
  0.248322E+00
  0.255034E+00
  0.261745E+00
  0.268456E+00
  0.275168E+00
  0.281879E+00
  0.288591E+00
  0.295302E+00
  0.302013E+00
  0.308725E+00
  0.315436E+00
  0.322148E+00
  0.328859E+00
  0.335570E+00
  0.342282E+00
  0.348993E+00
  0.355705E+00
  0.362416E+00
  0.369128E+00
  0.375839E+00
  0.382550E+00
  0.389262E+00
  0.395973E+00
  0.402685E+00
  0.409396E+00
  0.416107E+00
  0.422819E+00
  0.429530E+00
  0.436242E+00
  0.442953E+00
  0.449664E+00
  0.456376E+00
  0.463087E+00
  0.469799E+00
  0.476510E+00
  0.483221E+00
  0.489933E+00
  0.496644E+00
  0.503356E+00
  0.510067E+00
  0.516779E+00
  0.523490E+00
  0.530201E+00
  0.536913E+00
  0.543624E+00
  0.550336E+00
  0.557047E+00
  0.563758E+00
  0.570470E+00
  0.577181E+00
  0.583893E+00
  0.590604E+00
  0.597315E+00
  0.604027E+00
  0.610738E+00
  0.617450E+00
  0.624161E+00
  0.630872E+00
  0.637584E+00
  0.644295E+00
  0.651007E+00
  0.657718E+00
  0.664430E+00
  0.671141E+00
  0.677852E+00
  0.684564E+00
  0.691275E+00
  0.697987E+00
  0.704698E+00
  0.711409E+00
  0.718121E+00
  0.724832E+00
  0.731544E+00
  0.738255E+00
  0.744966E+00
  0.751678E+00
  0.758389E+00
  0.765101E+00
  0.771812E+00
  0.778523E+00
  0.785235E+00
  0.791946E+00
  0.798658E+00
  0.805369E+00
  0.812081E+00
  0.818792E+00
  0.825503E+00
  0.832215E+00
  0.838926E+00
  0.845638E+00
  0.852349E+00
  0.859060E+00
  0.865772E+00
  0.872483E+00
  0.879195E+00
  0.885906E+00
  0.892617E+00
  0.899329E+00
  0.906040E+00
  0.912752E+00
  0.919463E+00
  0.926174E+00
  0.932886E+00
  0.939597E+00
  0.946309E+00
  0.953020E+00
  0.959732E+00
  0.966443E+00
  0.973154E+00
  0.979866E+00
  0.986577E+00
  0.993289E+00
  0.100000E+01
  0.000000E+00
  0.000000E+00
  0.000000E+00
  0.000000E+00
  0.000000E+00
  0.000000E+00
  0.000000E+00
  0.000000E+00
  0.000000E+00
  0.000000E+00
  0.000000E+00
  0.000000E+00
  0.000000E+00
  0.000000E+00
  0.000000E+00
  0.000000E+00
  0.000000E+00
  0.000000E+00
  0.000000E+00
  0.000000E+00
  0.000000E+00
  0.000000E+00
  0.000000E+00
  0.000000E+00
  0.000000E+00
  0.000000E+00
  0.000000E+00
  0.000000E+00
  0.000000E+00
  0.000000E+00
  0.000000E+00
  0.000000E+00
  0.000000E+00
  0.000000E+00
  0.000000E+00
  0.000000E+00
  0.000000E+00
  0.000000E+00
  0.000000E+00
  0.000000E+00
  0.000000E+00
  0.000000E+00
  0.000000E+00
  0.000000E+00
  0.000000E+00
  0.000000E+00
  0.000000E+00
  0.000000E+00
  0.000000E+00
  0.000000E+00
  0.000000E+00
  0.000000E+00
  0.000000E+00
  0.000000E+00
  0.000000E+00
  0.000000E+00
  0.000000E+00
  0.000000E+00
  0.000000E+00
  0.000000E+00
  0.000000E+00
  0.000000E+00
  0.000000E+00
  0.000000E+00
  0.000000E+00
  0.000000E+00
  0.000000E+00
  0.000000E+00
  0.000000E+00
  0.000000E+00
  0.000000E+00
  0.000000E+00
  0.000000E+00
  0.000000E+00
  0.000000E+00
  0.000000E+00
  0.000000E+00
  0.000000E+00
  0.000000E+00
  0.000000E+00
  0.000000E+00
  0.000000E+00
  0.000000E+00
  0.000000E+00
  0.000000E+00
  0.000000E+00
  0.000000E+00
  0.000000E+00
  0.000000E+00
  0.000000E+00
  0.000000E+00
  0.000000E+00
  0.000000E+00
  0.000000E+00
  0.000000E+00
  0.000000E+00
  0.000000E+00
  0.000000E+00
  0.000000E+00
  0.000000E+00
  0.000000E+00
  0.000000E+00
  0.000000E+00
  0.000000E+00
  0.000000E+00
  0.000000E+00
  0.000000E+00
  0.000000E+00
  0.000000E+00
  0.000000E+00
  0.000000E+00
  0.000000E+00
  0.000000E+00
  0.000000E+00
  0.000000E+00
  0.000000E+00
  0.000000E+00
  0.000000E+00
  0.000000E+00
  0.000000E+00
  0.000000E+00
  0.000000E+00
  0.000000E+00
  0.000000E+00
  0.000000E+00
  0.000000E+00
  0.000000E+00
  0.000000E+00
  0.000000E+00
  0.000000E+00
  0.000000E+00
  0.000000E+00
  0.000000E+00
  0.000000E+00
  0.000000E+00
  0.000000E+00
  0.000000E+00
  0.000000E+00
  0.000000E+00
  0.000000E+00
  0.000000E+00
  0.000000E+00
  0.000000E+00
  0.000000E+00
  0.000000E+00
  0.000000E+00
  0.000000E+00
  0.000000E+00
  0.000000E+00
  0.000000E+00
  0.000000E+00
  0.000000E+00
  0.000000E+00
  0.000000E+00
  0.000000E+00
  0.000000E+00
  0.000000E+00
  0.000000E+00
  0.000000E+00
  0.000000E+00
  0.000000E+00
  0.000000E+00
  0.000000E+00
  0.000000E+00
  0.000000E+00
  0.000000E+00
  0.000000E+00
  0.000000E+00
  0.000000E+00
  0.000000E+00
  0.000000E+00
  0.000000E+00
  0.000000E+00
  0.000000E+00
  0.000000E+00
  0.000000E+00
  0.000000E+00
  0.000000E+00
  0.000000E+00
  0.000000E+00
  0.000000E+00
  0.000000E+00
  0.000000E+00
  0.000000E+00
  0.000000E+00
  0.000000E+00
  0.000000E+00
  0.000000E+00
  0.000000E+00
  0.000000E+00
  0.000000E+00
  0.000000E+00
  0.000000E+00
  0.000000E+00
  0.000000E+00
  0.000000E+00
  0.000000E+00
  0.000000E+00
  0.000000E+00
  0.000000E+00
  0.000000E+00
  0.000000E+00
  0.000000E+00
  0.000000E+00
  0.000000E+00
  0.000000E+00
  0.000000E+00
  0.000000E+00
  0.000000E+00
  0.000000E+00
  0.000000E+00
  0.000000E+00
  0.000000E+00
  0.000000E+00
  0.000000E+00
  0.000000E+00
  0.000000E+00
  0.000000E+00
  0.000000E+00
  0.000000E+00
  0.000000E+00
  0.000000E+00
  0.000000E+00
  0.000000E+00
  0.000000E+00
  0.000000E+00
  0.000000E+00
  0.000000E+00
  0.000000E+00
  0.000000E+00
  0.000000E+00
  0.000000E+00
  0.000000E+00
  0.000000E+00
  0.000000E+00
  0.000000E+00
  0.000000E+00
  0.000000E+00
  0.000000E+00
  0.000000E+00
  0.000000E+00
  0.000000E+00
  0.000000E+00
  0.000000E+00
  0.000000E+00
  0.000000E+00
  0.000000E+00
  0.000000E+00
  0.000000E+00
  0.000000E+00
  0.000000E+00
  0.000000E+00
  0.000000E+00
  0.000000E+00
  0.000000E+00
  0.000000E+00
  0.000000E+00
  0.000000E+00
  0.000000E+00
  0.000000E+00
  0.000000E+00
  0.000000E+00
  0.000000E+00
  0.000000E+00
  0.000000E+00
  0.000000E+00
  0.000000E+00
  0.000000E+00
  0.000000E+00
  0.000000E+00
  0.000000E+00
  0.000000E+00
  0.000000E+00
  0.000000E+00
  0.000000E+00
  0.000000E+00
  0.000000E+00
  0.000000E+00
  0.000000E+00
  0.000000E+00
  0.000000E+00
  0.000000E+00
  0.000000E+00
  0.000000E+00
  0.000000E+00
  0.000000E+00
  0.000000E+00
  0.000000E+00
  0.000000E+00
  0.000000E+00
  0.000000E+00
  0.000000E+00
  0.000000E+00
  0.000000E+00
  0.000000E+00
  0.000000E+00
  0.000000E+00
  0.000000E+00
  0.000000E+00
  0.000000E+00
  0.508000E+00
  0.538474E+00
  0.568949E+00
  0.599423E+00
  0.629898E+00
  0.660372E+00
  0.690846E+00
  0.721321E+00
  0.751795E+00
  0.782269E+00
  0.812744E+00
  0.843218E+00
  0.873693E+00
  0.904167E+00
  0.934641E+00
  0.965116E+00
  0.995590E+00
  0.102606E+01
  0.105654E+01
  0.108701E+01
  0.111749E+01
  0.114796E+01
  0.117844E+01
  0.120891E+01
  0.123939E+01
  0.126986E+01
  0.130033E+01
  0.133081E+01
  0.136128E+01
  0.139176E+01
  0.142223E+01
  0.145271E+01
  0.148318E+01
  0.151365E+01
  0.154413E+01
  0.157460E+01
  0.160508E+01
  0.163555E+01
  0.166603E+01
  0.169650E+01
  0.172698E+01
  0.175745E+01
  0.178792E+01
  0.181840E+01
  0.184887E+01
  0.187935E+01
  0.190982E+01
  0.194030E+01
  0.197077E+01
  0.200124E+01
  0.203172E+01
  0.206219E+01
  0.209267E+01
  0.212314E+01
  0.215362E+01
  0.218409E+01
  0.221457E+01
  0.224504E+01
  0.227551E+01
  0.230599E+01
  0.233646E+01
  0.236694E+01
  0.239741E+01
  0.242789E+01
  0.245836E+01
  0.248883E+01
  0.251931E+01
  0.254978E+01
  0.258026E+01
  0.261073E+01
  0.264121E+01
  0.267168E+01
  0.270216E+01
  0.273263E+01
  0.276310E+01
  0.279358E+01
  0.282405E+01
  0.285453E+01
  0.288500E+01
  0.291548E+01
  0.294595E+01
  0.297642E+01
  0.300690E+01
  0.303737E+01
  0.306785E+01
  0.309832E+01
  0.312880E+01
  0.315927E+01
  0.318975E+01
  0.322022E+01
  0.325069E+01
  0.328117E+01
  0.331164E+01
  0.334212E+01
  0.337259E+01
  0.340307E+01
  0.343354E+01
  0.346401E+01
  0.349449E+01
  0.352496E+01
  0.355544E+01
  0.358591E+01
  0.361639E+01
  0.364686E+01
  0.367734E+01
  0.370781E+01
  0.373828E+01
  0.376876E+01
  0.379923E+01
  0.382971E+01
  0.386018E+01
  0.389066E+01
  0.392113E+01
  0.395160E+01
  0.398208E+01
  0.401255E+01
  0.404303E+01
  0.407350E+01
  0.410398E+01
  0.413445E+01
  0.416493E+01
  0.419540E+01
  0.422587E+01
  0.425635E+01
  0.428682E+01
  0.431730E+01
  0.434777E+01
  0.437825E+01
  0.440872E+01
  0.443919E+01
  0.446967E+01
  0.450014E+01
  0.453062E+01
  0.456109E+01
  0.459157E+01
  0.462204E+01
  0.465252E+01
  0.468299E+01
  0.471346E+01
  0.474394E+01
  0.477441E+01
  0.480489E+01
  0.483536E+01
  0.486584E+01
  0.489631E+01
  0.492678E+01
  0.495726E+01
  0.498773E+01
  0.501821E+01
  0.504868E+01
 -0.399364E+01
  0.522213E+01
  0.889345E+01
  0.140270E+02
  0.185248E+02
  0.232794E+02
  0.266998E+02
  0.299615E+02
  0.317284E+02
  0.343281E+02
  0.354991E+02
  0.352298E+02
  0.335334E+02
  0.312911E+02
  0.340699E+02
  0.405354E+02
  0.496430E+02
  0.580902E+02
  0.651991E+02
  0.714149E+02
  0.756760E+02
  0.799276E+02
  0.839388E+02
  0.884699E+02
  0.940387E+02
  0.977825E+02
  0.104995E+03
  0.105576E+03
  0.105916E+03
  0.107259E+03
  0.108593E+03
  0.109550E+03
  0.110039E+03
  0.110101E+03
  0.110098E+03
  0.109702E+03
  0.109034E+03
  0.107489E+03
  0.105492E+03
  0.103283E+03
  0.100779E+03
  0.975778E+02
  0.940626E+02
  0.903686E+02
  0.864784E+02
  0.824231E+02
  0.784090E+02
  0.744805E+02
  0.704091E+02
  0.666526E+02
  0.630538E+02
  0.596421E+02
  0.563829E+02
  0.532547E+02
  0.503384E+02
  0.474923E+02
  0.448573E+02
  0.424772E+02
  0.403625E+02
  0.384051E+02
  0.365405E+02
  0.347505E+02
  0.332540E+02
  0.318746E+02
  0.305878E+02
  0.294843E+02
  0.283875E+02
  0.273552E+02
  0.264715E+02
  0.256931E+02
  0.249722E+02
  0.243399E+02
  0.239243E+02
  0.235960E+02
  0.233463E+02
  0.229985E+02
  0.226687E+02
  0.224985E+02
  0.223836E+02
  0.223030E+02
  0.222336E+02
  0.221884E+02
  0.221646E+02
  0.221340E+02
  0.221350E+02
  0.221638E+02
  0.221865E+02
  0.222388E+02
  0.223241E+02
  0.224365E+02
  0.225134E+02
  0.225274E+02
  0.225731E+02
  0.225997E+02
  0.225938E+02
  0.225393E+02
  0.224471E+02
  0.223091E+02
  0.220717E+02
  0.217681E+02
  0.214000E+02
  0.209633E+02
  0.205668E+02
  0.201742E+02
  0.197838E+02
  0.194203E+02
  0.192027E+02
  0.191721E+02
  0.193712E+02
  0.199259E+02
  0.207685E+02
  0.219263E+02
  0.234196E+02
  0.251810E+02
  0.273331E+02
  0.296233E+02
  0.321527E+02
  0.347635E+02
  0.374618E+02
  0.401775E+02
  0.428608E+02
  0.455291E+02
  0.480844E+02
  0.505383E+02
  0.528532E+02
  0.550006E+02
  0.570105E+02
  0.587508E+02
  0.603083E+02
  0.616005E+02
  0.626422E+02
  0.634111E+02
  0.639079E+02
  0.641079E+02
  0.640472E+02
  0.636766E+02
  0.630384E+02
  0.621339E+02
  0.609597E+02
  0.594920E+02
  0.577041E+02
  0.556145E+02
  0.530683E+02
  0.499558E+02
  0.459850E+02
  0.405478E+02
  0.322287E+02
  0.176993E+02
 -0.103951E+02
 -0.575108E-04
  0.662365E+02
  0.147018E+02
  0.235394E+02
  0.248863E+02
  0.270220E+02
  0.324111E+02
  0.350126E+02
  0.380522E+02
  0.393199E+02
  0.388900E+02
  0.384435E+02
  0.390895E+02
  0.388605E+02
  0.463789E+02
  0.540716E+02
  0.581627E+02
  0.686059E+02
  0.770285E+02
  0.882458E+02
  0.101942E+03
  0.113256E+03
  0.123043E+03
  0.131144E+03
  0.138918E+03
  0.150632E+03
  0.152521E+03
  0.177332E+03
  0.176669E+03
  0.176823E+03
  0.182705E+03
  0.189651E+03
  0.196201E+03
  0.203721E+03
  0.212557E+03
  0.220130E+03
  0.228692E+03
  0.236650E+03
  0.244976E+03
  0.251456E+03
  0.259379E+03
  0.267584E+03
  0.271299E+03
  0.273669E+03
  0.278150E+03
  0.280254E+03
  0.281474E+03
  0.283761E+03
  0.284025E+03
  0.279059E+03
  0.273192E+03
  0.274382E+03
  0.274101E+03
  0.270221E+03
  0.263466E+03
  0.257322E+03
  0.254199E+03
  0.251400E+03
  0.247858E+03
  0.241939E+03
  0.237117E+03
  0.233436E+03
  0.230727E+03
  0.227915E+03
  0.225254E+03
  0.222516E+03
  0.219364E+03
  0.218015E+03
  0.217204E+03
  0.216333E+03
  0.215204E+03
  0.214624E+03
  0.215466E+03
  0.215050E+03
  0.214285E+03
  0.213436E+03
  0.214896E+03
  0.216920E+03
  0.218281E+03
  0.219524E+03
  0.220795E+03
  0.222470E+03
  0.223988E+03
  0.225449E+03
  0.227577E+03
  0.229412E+03
  0.230981E+03
  0.233080E+03
  0.235037E+03
  0.236819E+03
  0.238249E+03
  0.239995E+03
  0.242166E+03
  0.243765E+03
  0.245483E+03
  0.247432E+03
  0.249144E+03
  0.250721E+03
  0.252147E+03
  0.253419E+03
  0.254534E+03
  0.255538E+03
  0.256684E+03
  0.256444E+03
  0.255369E+03
  0.253618E+03
  0.252083E+03
  0.249529E+03
  0.245986E+03
  0.241596E+03
  0.236395E+03
  0.230976E+03
  0.225486E+03
  0.220124E+03
  0.215143E+03
  0.210861E+03
  0.207832E+03
  0.205877E+03
  0.205150E+03
  0.205618E+03
  0.207362E+03
  0.210308E+03
  0.214258E+03
  0.218913E+03
  0.224251E+03
  0.230060E+03
  0.236042E+03
  0.242239E+03
  0.248112E+03
  0.254042E+03
  0.259526E+03
  0.264574E+03
  0.269263E+03
  0.273369E+03
  0.276643E+03
  0.279197E+03
  0.280847E+03
  0.281492E+03
  0.281002E+03
  0.279302E+03
  0.276283E+03
  0.271817E+03
  0.265874E+03
  0.258237E+03
  0.249063E+03
  0.238406E+03
  0.225925E+03
  0.211641E+03
  0.207460E+03
  0.252530E+03
  0.395225E-04
 -0.851441E-01
  0.111335E+00
  0.189608E+00
  0.299055E+00
  0.394948E+00
  0.496315E+00
  0.569238E+00
  0.638776E+00
  0.676447E+00
  0.731873E+00
  0.756839E+00
  0.751096E+00
  0.714929E+00
  0.667124E+00
  0.726369E+00
  0.864212E+00
  0.105839E+01
  0.123848E+01
  0.139004E+01
  0.152256E+01
  0.161341E+01
  0.170405E+01
  0.178957E+01
  0.188617E+01
  0.200490E+01
  0.208471E+01
  0.223848E+01
  0.225087E+01
  0.225812E+01
  0.228676E+01
  0.231520E+01
  0.233561E+01
  0.234603E+01
  0.234733E+01
  0.234727E+01
  0.233884E+01
  0.232460E+01
  0.229166E+01
  0.224909E+01
  0.220198E+01
  0.214861E+01
  0.208035E+01
  0.200541E+01
  0.192665E+01
  0.184371E+01
  0.175725E+01
  0.167167E+01
  0.158792E+01
  0.150112E+01
  0.142103E+01
  0.134430E+01
  0.127156E+01
  0.120208E+01
  0.113539E+01
  0.107321E+01
  0.101253E+01
  0.956355E+00
  0.905611E+00
  0.860525E+00
  0.818794E+00
  0.779041E+00
  0.740879E+00
  0.708973E+00
  0.679564E+00
  0.652130E+00
  0.628604E+00
  0.605219E+00
  0.583211E+00
  0.564371E+00
  0.547776E+00
  0.532406E+00
  0.518924E+00
  0.510065E+00
  0.503065E+00
  0.497741E+00
  0.490325E+00
  0.483295E+00
  0.479666E+00
  0.477218E+00
  0.475498E+00
  0.474019E+00
  0.473055E+00
  0.472547E+00
  0.471895E+00
  0.471916E+00
  0.472531E+00
  0.473016E+00
  0.474131E+00
  0.475948E+00
  0.478345E+00
  0.479985E+00
  0.480283E+00
  0.481257E+00
  0.481823E+00
  0.481699E+00
  0.480536E+00
  0.478570E+00
  0.475629E+00
  0.470567E+00
  0.464094E+00
  0.456247E+00
  0.446936E+00
  0.438482E+00
  0.430113E+00
  0.421789E+00
  0.414039E+00
  0.409400E+00
  0.408748E+00
  0.412993E+00
  0.424819E+00
  0.442782E+00
  0.467468E+00
  0.499305E+00
  0.536856E+00
  0.582740E+00
  0.631567E+00
  0.685492E+00
  0.741156E+00
  0.798683E+00
  0.856581E+00
  0.913788E+00
  0.970678E+00
  0.102516E+01
  0.107747E+01
  0.112683E+01
  0.117261E+01
  0.121546E+01
  0.125256E+01
  0.128577E+01
  0.131332E+01
  0.133553E+01
  0.135192E+01
  0.136251E+01
  0.136678E+01
  0.136548E+01
  0.135758E+01
  0.134397E+01
  0.132469E+01
  0.129966E+01
  0.126837E+01
  0.123025E+01
  0.118570E+01
  0.113141E+01
  0.106505E+01
  0.980397E+00
  0.864477E+00
  0.687113E+00
  0.377348E+00
 -0.221622E+00
 -0.122613E-05
  0.317154E+00
  0.703951E-01
  0.112712E+00
  0.119161E+00
  0.129387E+00
  0.155191E+00
  0.167647E+00
  0.182201E+00
  0.188272E+00
  0.186213E+00
  0.184075E+00
  0.187168E+00
  0.186072E+00
  0.222072E+00
  0.258906E+00
  0.278495E+00
  0.328499E+00
  0.368828E+00
  0.422539E+00
  0.488120E+00
  0.542293E+00
  0.589155E+00
  0.627945E+00
  0.665169E+00
  0.721259E+00
  0.730302E+00
  0.849099E+00
  0.845925E+00
  0.846664E+00
  0.874827E+00
  0.908085E+00
  0.939452E+00
  0.975455E+00
  0.101777E+01
  0.105403E+01
  0.109502E+01
  0.113313E+01
  0.117299E+01
  0.120402E+01
  0.124196E+01
  0.128124E+01
  0.129904E+01
  0.131038E+01
  0.133184E+01
  0.134191E+01
  0.134776E+01
  0.135870E+01
  0.135997E+01
  0.133619E+01
  0.130810E+01
  0.131379E+01
  0.131245E+01
  0.129387E+01
  0.126153E+01
  0.123211E+01
  0.121716E+01
  0.120375E+01
  0.118680E+01
  0.115845E+01
  0.113536E+01
  0.111774E+01
  0.110477E+01
  0.109130E+01
  0.107856E+01
  0.106545E+01
  0.105036E+01
  0.104390E+01
  0.104002E+01
  0.103585E+01
  0.103044E+01
  0.102766E+01
  0.103169E+01
  0.102970E+01
  0.102604E+01
  0.102197E+01
  0.102896E+01
  0.103866E+01
  0.104517E+01
  0.105113E+01
  0.105721E+01
  0.106523E+01
  0.107250E+01
  0.107949E+01
  0.108969E+01
  0.109847E+01
  0.110599E+01
  0.111603E+01
  0.112540E+01
  0.113394E+01
  0.114078E+01
  0.114914E+01
  0.115954E+01
  0.116719E+01
  0.117542E+01
  0.118476E+01
  0.119295E+01
  0.120050E+01
  0.120733E+01
  0.121342E+01
  0.121876E+01
  0.122357E+01
  0.122905E+01
  0.122790E+01
  0.122276E+01
  0.121437E+01
  0.120702E+01
  0.119479E+01
  0.117783E+01
  0.115681E+01
  0.113191E+01
  0.110596E+01
  0.107967E+01
  0.105400E+01
  0.103015E+01
  0.100964E+01
  0.995142E+00
  0.985781E+00
  0.982297E+00
  0.984539E+00
  0.992889E+00
  0.100700E+01
  0.102591E+01
  0.104820E+01
  0.107376E+01
  0.110158E+01
  0.113022E+01
  0.115989E+01
  0.118801E+01
  0.121641E+01
  0.124266E+01
  0.126683E+01
  0.128929E+01
  0.130895E+01
  0.132462E+01
  0.133685E+01
  0.134475E+01
  0.134784E+01
  0.134549E+01
  0.133735E+01
  0.132290E+01
  0.130151E+01
  0.127306E+01
  0.123649E+01
  0.119256E+01
  0.114153E+01
  0.108177E+01
  0.101338E+01
  0.993361E+00
  0.120917E+01
  0.189241E-06
 -0.207150E+00
  0.271974E+00
  0.465100E+00
  0.736631E+00
  0.976825E+00
  0.123681E+01
  0.143531E+01
  0.163362E+01
  0.176363E+01
  0.192638E+01
  0.194655E+01
  0.182222E+01
  0.160230E+01
  0.135602E+01
  0.133292E+01
  0.142749E+01
  0.157347E+01
  0.166116E+01
  0.168809E+01
  0.168119E+01
  0.163364E+01
  0.159343E+01
  0.155792E+01
  0.154493E+01
  0.156060E+01
  0.156010E+01
  0.163947E+01
  0.164164E+01
  0.165428E+01
  0.168274E+01
  0.171124E+01
  0.173392E+01
  0.174926E+01
  0.175772E+01
  0.176512E+01
  0.176630E+01
  0.176332E+01
  0.174614E+01
  0.172152E+01
  0.169312E+01
  0.165963E+01
  0.161421E+01
  0.156322E+01
  0.150867E+01
  0.145031E+01
  0.138858E+01
  0.132695E+01
  0.126617E+01
  0.120239E+01
  0.114347E+01
  0.108669E+01
  0.103261E+01
  0.980655E+00
  0.930516E+00
  0.883686E+00
  0.837625E+00
  0.794877E+00
  0.756263E+00
  0.722014E+00
  0.690352E+00
  0.660051E+00
  0.630807E+00
  0.606657E+00
  0.584404E+00
  0.563636E+00
  0.546047E+00
  0.528399E+00
  0.511776E+00
  0.497773E+00
  0.485613E+00
  0.474420E+00
  0.464801E+00
  0.459239E+00
  0.455316E+00
  0.452891E+00
  0.448525E+00
  0.444464E+00
  0.443502E+00
  0.443626E+00
  0.444431E+00
  0.445470E+00
  0.447005E+00
  0.448990E+00
  0.450846E+00
  0.453368E+00
  0.456490E+00
  0.459509E+00
  0.463173E+00
  0.467566E+00
  0.472628E+00
  0.476989E+00
  0.480059E+00
  0.483837E+00
  0.487241E+00
  0.489983E+00
  0.491694E+00
  0.492599E+00
  0.492503E+00
  0.490197E+00
  0.486383E+00
  0.481074E+00
  0.474143E+00
  0.468041E+00
  0.461964E+00
  0.455855E+00
  0.450293E+00
  0.448065E+00
  0.450200E+00
  0.457791E+00
  0.473935E+00
  0.497181E+00
  0.528329E+00
  0.568022E+00
  0.614788E+00
  0.671797E+00
  0.732989E+00
  0.800946E+00
  0.871859E+00
  0.945934E+00
  0.102145E+01
  0.109718E+01
  0.117360E+01
  0.124820E+01
  0.132127E+01
  0.139173E+01
  0.145877E+01
  0.152311E+01
  0.158114E+01
  0.163507E+01
  0.168256E+01
  0.172387E+01
  0.175824E+01
  0.178554E+01
  0.180487E+01
  0.181703E+01
  0.182037E+01
  0.181605E+01
  0.180394E+01
  0.178374E+01
  0.175460E+01
  0.171575E+01
  0.166725E+01
  0.160413E+01
  0.152270E+01
  0.141353E+01
  0.125712E+01
  0.100786E+01
  0.558340E+00
 -0.330816E+00
 -0.166619E+00
  0.343569E+01
  0.765686E+00
  0.123104E+01
  0.130691E+01
  0.142489E+01
  0.172198E+01
  0.188218E+01
  0.207476E+01
  0.218560E+01
  0.218238E+01
  0.210800E+01
  0.202186E+01
  0.185684E+01
  0.200987E+01
  0.211544E+01
  0.204825E+01
  0.217451E+01
  0.220273E+01
  0.228480E+01
  0.239985E+01
  0.244490E+01
  0.245298E+01
  0.243405E+01
  0.242590E+01
  0.249980E+01
  0.243344E+01
  0.276899E+01
  0.274709E+01
  0.276176E+01
  0.286637E+01
  0.298856E+01
  0.310540E+01
  0.323848E+01
  0.339341E+01
  0.352920E+01
  0.368216E+01
  0.382714E+01
  0.397959E+01
  0.410350E+01
  0.425200E+01
  0.440657E+01
  0.448807E+01
  0.454809E+01
  0.464361E+01
  0.470006E+01
  0.474198E+01
  0.480221E+01
  0.482845E+01
  0.476555E+01
  0.468679E+01
  0.472878E+01
  0.474563E+01
  0.469989E+01
  0.460352E+01
  0.451727E+01
  0.448332E+01
  0.445484E+01
  0.441287E+01
  0.432786E+01
  0.426231E+01
  0.421669E+01
  0.418826E+01
  0.415788E+01
  0.412992E+01
  0.410026E+01
  0.406259E+01
  0.405808E+01
  0.406357E+01
  0.406795E+01
  0.406745E+01
  0.407740E+01
  0.411460E+01
  0.412798E+01
  0.413492E+01
  0.414040E+01
  0.419098E+01
  0.425314E+01
  0.430287E+01
  0.435079E+01
  0.439977E+01
  0.445737E+01
  0.451244E+01
  0.456694E+01
  0.463552E+01
  0.469881E+01
  0.475733E+01
  0.482735E+01
  0.489516E+01
  0.496006E+01
  0.501873E+01
  0.508474E+01
  0.516056E+01
  0.522491E+01
  0.529254E+01
  0.536596E+01
  0.543506E+01
  0.550205E+01
  0.556648E+01
  0.562825E+01
  0.568727E+01
  0.574451E+01
  0.580561E+01
  0.583593E+01
  0.584763E+01
  0.584382E+01
  0.584497E+01
  0.582237E+01
  0.577624E+01
  0.570951E+01
  0.562264E+01
  0.552940E+01
  0.543323E+01
  0.533890E+01
  0.525266E+01
  0.518257E+01
  0.514253E+01
  0.512855E+01
  0.514509E+01
  0.519197E+01
  0.527184E+01
  0.538363E+01
  0.552290E+01
  0.568265E+01
  0.586279E+01
  0.605794E+01
  0.626049E+01
  0.647171E+01
  0.667735E+01
  0.688757E+01
  0.708872E+01
  0.728091E+01
  0.746605E+01
  0.763772E+01
  0.778849E+01
  0.792087E+01
  0.802880E+01
  0.810942E+01
  0.815834E+01
  0.817262E+01
  0.814842E+01
  0.808208E+01
  0.797055E+01
  0.780593E+01
  0.759170E+01
  0.732834E+01
  0.700443E+01
  0.661847E+01
  0.654450E+01
  0.803661E+01
  0.114504E+00
 -0.206787E+00
  0.272989E+00
  0.466342E+00
  0.737974E+00
  0.978117E+00
  0.123795E+01
  0.143621E+01
  0.163422E+01
  0.176386E+01
  0.192638E+01
  0.194668E+01
  0.182314E+01
  0.160439E+01
  0.135868E+01
  0.133522E+01
  0.142875E+01
  0.157336E+01
  0.165981E+01
  0.168589E+01
  0.167847E+01
  0.163069E+01
  0.159044E+01
  0.155495E+01
  0.154202E+01
  0.155775E+01
  0.155729E+01
  0.163672E+01
  0.163897E+01
  0.165155E+01
  0.167992E+01
  0.170833E+01
  0.173095E+01
  0.174624E+01
  0.175467E+01
  0.176207E+01
  0.176327E+01
  0.176031E+01
  0.174320E+01
  0.171868E+01
  0.169041E+01
  0.165709E+01
  0.161188E+01
  0.156113E+01
  0.150687E+01
  0.144882E+01
  0.138743E+01
  0.132617E+01
  0.126577E+01
  0.120238E+01
  0.114384E+01
  0.108747E+01
  0.103378E+01
  0.982216E+00
  0.932456E+00
  0.885987E+00
  0.840287E+00
  0.797885E+00
  0.759604E+00
  0.725681E+00
  0.694323E+00
  0.664319E+00
  0.635370E+00
  0.611497E+00
  0.589516E+00
  0.569018E+00
  0.551685E+00
  0.534290E+00
  0.517914E+00
  0.504146E+00
  0.492214E+00
  0.481242E+00
  0.471832E+00
  0.466470E+00
  0.462742E+00
  0.460500E+00
  0.456312E+00
  0.452425E+00
  0.451627E+00
  0.451909E+00
  0.452867E+00
  0.454049E+00
  0.455723E+00
  0.457841E+00
  0.459823E+00
  0.462467E+00
  0.465706E+00
  0.468839E+00
  0.472613E+00
  0.477116E+00
  0.482285E+00
  0.486755E+00
  0.489935E+00
  0.493829E+00
  0.497353E+00
  0.500220E+00
  0.502073E+00
  0.503129E+00
  0.503197E+00
  0.501087E+00
  0.497489E+00
  0.492415E+00
  0.485769E+00
  0.479985E+00
  0.474263E+00
  0.468561E+00
  0.463463E+00
  0.461762E+00
  0.464478E+00
  0.472694E+00
  0.489566E+00
  0.513579E+00
  0.545560E+00
  0.586149E+00
  0.633843E+00
  0.691882E+00
  0.754112E+00
  0.823184E+00
  0.895235E+00
  0.970496E+00
  0.104723E+01
  0.112422E+01
  0.120192E+01
  0.127782E+01
  0.135222E+01
  0.142402E+01
  0.149240E+01
  0.155810E+01
  0.161744E+01
  0.167270E+01
  0.172146E+01
  0.176400E+01
  0.179958E+01
  0.182805E+01
  0.184853E+01
  0.186184E+01
  0.186635E+01
  0.186323E+01
  0.185233E+01
  0.183338E+01
  0.180556E+01
  0.176811E+01
  0.172110E+01
  0.165970E+01
  0.158024E+01
  0.147355E+01
  0.132097E+01
  0.108073E+01
  0.654109E+00
 -0.205841E+00
 -0.407877E-01
  0.343078E+01
  0.754969E+00
  0.121843E+01
  0.129267E+01
  0.140981E+01
  0.170638E+01
  0.186580E+01
  0.205738E+01
  0.216701E+01
  0.216256E+01
  0.208743E+01
  0.200169E+01
  0.183750E+01
  0.199252E+01
  0.210139E+01
  0.203821E+01
  0.216858E+01
  0.220017E+01
  0.228447E+01
  0.240076E+01
  0.244635E+01
  0.245453E+01
  0.243551E+01
  0.242726E+01
  0.250113E+01
  0.243486E+01
  0.277064E+01
  0.274879E+01
  0.276342E+01
  0.286797E+01
  0.299011E+01
  0.310689E+01
  0.323991E+01
  0.339477E+01
  0.353048E+01
  0.368334E+01
  0.382821E+01
  0.398055E+01
  0.410435E+01
  0.425276E+01
  0.440722E+01
  0.448858E+01
  0.454847E+01
  0.464387E+01
  0.470019E+01
  0.474199E+01
  0.480208E+01
  0.482817E+01
  0.476512E+01
  0.468621E+01
  0.472810E+01
  0.474485E+01
  0.469902E+01
  0.460254E+01
  0.451620E+01
  0.448218E+01
  0.445362E+01
  0.441159E+01
  0.432652E+01
  0.426090E+01
  0.421523E+01
  0.418676E+01
  0.415635E+01
  0.412836E+01
  0.409869E+01
  0.406101E+01
  0.405650E+01
  0.406200E+01
  0.406638E+01
  0.406589E+01
  0.407585E+01
  0.411305E+01
  0.412643E+01
  0.413337E+01
  0.413885E+01
  0.418943E+01
  0.425160E+01
  0.430135E+01
  0.434929E+01
  0.439830E+01
  0.445591E+01
  0.451099E+01
  0.456550E+01
  0.463409E+01
  0.469739E+01
  0.475591E+01
  0.482594E+01
  0.489374E+01
  0.495864E+01
  0.501730E+01
  0.508330E+01
  0.515912E+01
  0.522346E+01
  0.529109E+01
  0.536450E+01
  0.543358E+01
  0.550056E+01
  0.556497E+01
  0.562670E+01
  0.568569E+01
  0.574288E+01
  0.580390E+01
  0.583413E+01
  0.584572E+01
  0.584177E+01
  0.584276E+01
  0.581997E+01
  0.577362E+01
  0.570665E+01
  0.561949E+01
  0.552594E+01
  0.542943E+01
  0.533472E+01
  0.524809E+01
  0.517757E+01
  0.513710E+01
  0.512266E+01
  0.513874E+01
  0.518516E+01
  0.526457E+01
  0.537590E+01
  0.551472E+01
  0.567401E+01
  0.585372E+01
  0.604845E+01
  0.625059E+01
  0.646142E+01
  0.666669E+01
  0.687656E+01
  0.707740E+01
  0.726930E+01
  0.745417E+01
  0.762559E+01
  0.777614E+01
  0.790831E+01
  0.801605E+01
  0.809650E+01
  0.814527E+01
  0.815943E+01
  0.813512E+01
  0.806868E+01
  0.795709E+01
  0.779244E+01
  0.757825E+01
  0.731504E+01
  0.699145E+01
  0.660645E+01
  0.653524E+01
  0.802913E+01
  0.866406E-01
 -0.362549E-03
 -0.101455E-02
 -0.124167E-02
 -0.134255E-02
 -0.129158E-02
 -0.114029E-02
 -0.898496E-03
 -0.594747E-03
 -0.236310E-03
  0.385996E-05
 -0.128715E-03
 -0.923989E-03
 -0.208534E-02
 -0.265706E-02
 -0.230306E-02
 -0.125873E-02
  0.110927E-03
  0.134925E-02
  0.219694E-02
  0.272024E-02
  0.295557E-02
  0.299453E-02
  0.296658E-02
  0.290613E-02
  0.285222E-02
  0.280586E-02
  0.275065E-02
  0.266731E-02
  0.272300E-02
  0.282163E-02
  0.290944E-02
  0.297525E-02
  0.301884E-02
  0.304673E-02
  0.305294E-02
  0.303772E-02
  0.300103E-02
  0.294105E-02
  0.284538E-02
  0.270912E-02
  0.253909E-02
  0.233364E-02
  0.208990E-02
  0.180297E-02
  0.148797E-02
  0.114290E-02
  0.777133E-03
  0.403434E-03
  0.112594E-04
 -0.372087E-03
 -0.780539E-03
 -0.117507E-02
 -0.156074E-02
 -0.193958E-02
 -0.230098E-02
 -0.266184E-02
 -0.300768E-02
 -0.334068E-02
 -0.366687E-02
 -0.397085E-02
 -0.426806E-02
 -0.456360E-02
 -0.483931E-02
 -0.511230E-02
 -0.538126E-02
 -0.563738E-02
 -0.589036E-02
 -0.613795E-02
 -0.637300E-02
 -0.660106E-02
 -0.682228E-02
 -0.703138E-02
 -0.723123E-02
 -0.742510E-02
 -0.760898E-02
 -0.778717E-02
 -0.796095E-02
 -0.812507E-02
 -0.828285E-02
 -0.843569E-02
 -0.857938E-02
 -0.871746E-02
 -0.885087E-02
 -0.897703E-02
 -0.909876E-02
 -0.921676E-02
 -0.933012E-02
 -0.944080E-02
 -0.954953E-02
 -0.965764E-02
 -0.976593E-02
 -0.987595E-02
 -0.999139E-02
 -0.101111E-01
 -0.102372E-01
 -0.103786E-01
 -0.105306E-01
 -0.106941E-01
 -0.108900E-01
 -0.111053E-01
 -0.113417E-01
 -0.116256E-01
 -0.119434E-01
 -0.122987E-01
 -0.127052E-01
 -0.131700E-01
 -0.136964E-01
 -0.142778E-01
 -0.149035E-01
 -0.156311E-01
 -0.163979E-01
 -0.172300E-01
 -0.181275E-01
 -0.190547E-01
 -0.200848E-01
 -0.211232E-01
 -0.222382E-01
 -0.233762E-01
 -0.245627E-01
 -0.257857E-01
 -0.270341E-01
 -0.283222E-01
 -0.296225E-01
 -0.309515E-01
 -0.322931E-01
 -0.336311E-01
 -0.349936E-01
 -0.362990E-01
 -0.376275E-01
 -0.389001E-01
 -0.401253E-01
 -0.413399E-01
 -0.425153E-01
 -0.436573E-01
 -0.448039E-01
 -0.459786E-01
 -0.471771E-01
 -0.483973E-01
 -0.496459E-01
 -0.509566E-01
 -0.523581E-01
 -0.538573E-01
 -0.555642E-01
 -0.575358E-01
 -0.600172E-01
 -0.638528E-01
 -0.728636E-01
 -0.957689E-01
 -0.124976E+00
 -0.125832E+00
  0.490622E-02
  0.107165E-01
  0.126085E-01
  0.142406E-01
  0.150802E-01
  0.155997E-01
  0.163835E-01
  0.173794E-01
  0.185927E-01
  0.198260E-01
  0.205736E-01
  0.201670E-01
  0.193465E-01
  0.173457E-01
  0.140488E-01
  0.100405E-01
  0.592701E-02
  0.256342E-02
  0.331645E-03
 -0.915064E-03
 -0.145737E-02
 -0.155147E-02
 -0.145826E-02
 -0.135704E-02
 -0.133022E-02
 -0.142015E-02
 -0.164786E-02
 -0.169595E-02
 -0.166410E-02
 -0.160435E-02
 -0.154724E-02
 -0.148581E-02
 -0.142752E-02
 -0.136175E-02
 -0.127569E-02
 -0.118181E-02
 -0.107504E-02
 -0.962468E-03
 -0.855527E-03
 -0.755155E-03
 -0.648251E-03
 -0.514706E-03
 -0.381053E-03
 -0.252099E-03
 -0.129039E-03
 -0.534893E-05
  0.127572E-03
  0.274923E-03
  0.436484E-03
  0.577684E-03
  0.682344E-03
  0.774627E-03
  0.872389E-03
  0.977956E-03
  0.107115E-02
  0.114794E-02
  0.121679E-02
  0.128113E-02
  0.134686E-02
  0.140707E-02
  0.145910E-02
  0.150018E-02
  0.153073E-02
  0.155626E-02
  0.157578E-02
  0.158533E-02
  0.158469E-02
  0.157878E-02
  0.156858E-02
  0.155928E-02
  0.155157E-02
  0.154725E-02
  0.154956E-02
  0.155281E-02
  0.155427E-02
  0.154602E-02
  0.153301E-02
  0.151502E-02
  0.149708E-02
  0.147936E-02
  0.146294E-02
  0.144808E-02
  0.143453E-02
  0.142463E-02
  0.141719E-02
  0.141222E-02
  0.141230E-02
  0.141463E-02
  0.141976E-02
  0.142709E-02
  0.143415E-02
  0.144119E-02
  0.144794E-02
  0.145513E-02
  0.146344E-02
  0.147575E-02
  0.149205E-02
  0.151353E-02
  0.154631E-02
  0.158696E-02
  0.163671E-02
  0.171016E-02
  0.180408E-02
  0.191726E-02
  0.205628E-02
  0.221635E-02
  0.240276E-02
  0.261712E-02
  0.285780E-02
  0.314794E-02
  0.346017E-02
  0.380348E-02
  0.417915E-02
  0.456873E-02
  0.499961E-02
  0.543068E-02
  0.588541E-02
  0.634213E-02
  0.680597E-02
  0.727127E-02
  0.773008E-02
  0.818800E-02
  0.863349E-02
  0.907142E-02
  0.949455E-02
  0.989949E-02
  0.102937E-01
  0.106558E-01
  0.110047E-01
  0.113237E-01
  0.116165E-01
  0.118867E-01
  0.121316E-01
  0.123524E-01
  0.125594E-01
  0.127512E-01
  0.129226E-01
  0.130713E-01
  0.131958E-01
  0.133018E-01
  0.133929E-01
  0.134598E-01
  0.134879E-01
  0.134485E-01
  0.133030E-01
  0.129718E-01
  0.120281E-01
  0.926866E-02
  0.747455E-02
  0.278633E-01
  0.127324E+01
  0.127321E+01
  0.127312E+01
  0.127298E+01
  0.127278E+01
  0.127252E+01
  0.127221E+01
  0.127183E+01
  0.127140E+01
  0.127091E+01
  0.127037E+01
  0.126977E+01
  0.126910E+01
  0.126838E+01
  0.126761E+01
  0.126677E+01
  0.126588E+01
  0.126493E+01
  0.126391E+01
  0.126285E+01
  0.126172E+01
  0.126053E+01
  0.125928E+01
  0.125798E+01
  0.125661E+01
  0.125519E+01
  0.125371E+01
  0.125216E+01
  0.125056E+01
  0.124889E+01
  0.124716E+01
  0.124538E+01
  0.124353E+01
  0.124162E+01
  0.123965E+01
  0.123761E+01
  0.123552E+01
  0.123336E+01
  0.123114E+01
  0.122885E+01
  0.122650E+01
  0.122409E+01
  0.122161E+01
  0.121907E+01
  0.121646E+01
  0.121378E+01
  0.121104E+01
  0.120824E+01
  0.120536E+01
  0.120242E+01
  0.119941E+01
  0.119633E+01
  0.119318E+01
  0.118997E+01
  0.118668E+01
  0.118332E+01
  0.117989E+01
  0.117639E+01
  0.117282E+01
  0.116917E+01
  0.116545E+01
  0.116165E+01
  0.115778E+01
  0.115383E+01
  0.114980E+01
  0.114570E+01
  0.114152E+01
  0.113725E+01
  0.113291E+01
  0.112849E+01
  0.112398E+01
  0.111939E+01
  0.111472E+01
  0.110996E+01
  0.110511E+01
  0.110018E+01
  0.109516E+01
  0.109004E+01
  0.108484E+01
  0.107954E+01
  0.107415E+01
  0.106867E+01
  0.106308E+01
  0.105740E+01
  0.105162E+01
  0.104574E+01
  0.103975E+01
  0.103366E+01
  0.102746E+01
  0.102115E+01
  0.101473E+01
  0.100819E+01
  0.100154E+01
  0.994777E+00
  0.987889E+00
  0.980879E+00
  0.973744E+00
  0.966480E+00
  0.959086E+00
  0.951557E+00
  0.943890E+00
  0.936083E+00
  0.928132E+00
  0.920032E+00
  0.911781E+00
  0.903373E+00
  0.894805E+00
  0.886071E+00
  0.877167E+00
  0.868088E+00
  0.858828E+00
  0.849381E+00
  0.839740E+00
  0.829900E+00
  0.819853E+00
  0.809590E+00
  0.799105E+00
  0.788387E+00
  0.777428E+00
  0.766217E+00
  0.754743E+00
  0.742993E+00
  0.730955E+00
  0.718613E+00
  0.705952E+00
  0.692955E+00
  0.679601E+00
  0.665870E+00
  0.651739E+00
  0.637179E+00
  0.622161E+00
  0.606651E+00
  0.590611E+00
  0.573995E+00
  0.556753E+00
  0.538824E+00
  0.520137E+00
  0.500608E+00
  0.480133E+00
  0.458585E+00
  0.435807E+00
  0.411593E+00
  0.385673E+00
  0.357677E+00
  0.327071E+00
  0.293040E+00
  0.254212E+00
  0.207914E+00
  0.147266E+00
  0.000000E+00
  0.995381E+00
  0.997144E+00
  0.997059E+00
  0.996877E+00
  0.996461E+00
  0.995587E+00
  0.995723E+00
  0.996186E+00
  0.995653E+00
  0.982678E+00
  0.937415E+00
  0.863069E+00
  0.778368E+00
  0.687706E+00
  0.606751E+00
  0.534375E+00
  0.470151E+00
  0.417151E+00
  0.372383E+00
  0.334277E+00
  0.302796E+00
  0.277585E+00
  0.256646E+00
  0.240299E+00
  0.227231E+00
  0.217321E+00
  0.211629E+00
  0.209771E+00
  0.209798E+00
  0.209894E+00
  0.209886E+00
  0.209882E+00
  0.209939E+00
  0.210003E+00
  0.210047E+00
  0.210068E+00
  0.210071E+00
  0.210055E+00
  0.210062E+00
  0.210069E+00
  0.210067E+00
  0.210053E+00
  0.210056E+00
  0.210139E+00
  0.210114E+00
  0.210077E+00
  0.210071E+00
  0.210101E+00
  0.210098E+00
  0.210106E+00
  0.210085E+00
  0.210087E+00
  0.210099E+00
  0.210295E+00
  0.210298E+00
  0.210031E+00
  0.210025E+00
  0.210013E+00
  0.210002E+00
  0.210007E+00
  0.210012E+00
  0.210019E+00
  0.209987E+00
  0.209985E+00
  0.209985E+00
  0.210009E+00
  0.210003E+00
  0.209999E+00
  0.209995E+00
  0.209993E+00
  0.209990E+00
  0.209967E+00
  0.209909E+00
  0.209893E+00
  0.209868E+00
  0.209884E+00
  0.209864E+00
  0.209845E+00
  0.209828E+00
  0.209813E+00
  0.209785E+00
  0.209769E+00
  0.209802E+00
  0.209842E+00
  0.209876E+00
  0.209914E+00
  0.209942E+00
  0.209970E+00
  0.210001E+00
  0.210029E+00
  0.210051E+00
  0.210077E+00
  0.210099E+00
  0.210121E+00
  0.210146E+00
  0.210173E+00
  0.210203E+00
  0.210246E+00
  0.210248E+00
  0.210262E+00
  0.210277E+00
  0.210282E+00
  0.210290E+00
  0.210302E+00
  0.210305E+00
  0.210310E+00
  0.210310E+00
  0.210308E+00
  0.210308E+00
  0.210310E+00
  0.210316E+00
  0.210319E+00
  0.210320E+00
  0.210324E+00
  0.210319E+00
  0.210317E+00
  0.210306E+00
  0.210294E+00
  0.210272E+00
  0.210240E+00
  0.210204E+00
  0.210161E+00
  0.210121E+00
  0.210083E+00
  0.210046E+00
  0.210011E+00
  0.209974E+00
  0.209937E+00
  0.209889E+00
  0.209844E+00
  0.209801E+00
  0.209761E+00
  0.209713E+00
  0.209652E+00
  0.209569E+00
  0.209599E+00
  0.209685E+00
  0.209768E+00
  0.209839E+00
  0.209899E+00
  0.209965E+00
  0.210029E+00
  0.210088E+00
  0.210137E+00
  0.210186E+00
  0.210209E+00
  0.210229E+00
  0.210251E+00
  0.210275E+00
  0.321876E+00
 -0.761171E+02
 -0.722837E+02
 -0.721443E+02
 -0.738808E+02
 -0.737673E+02
 -0.736062E+02
 -0.733874E+02
 -0.731392E+02
 -0.745861E+02
  0.739599E+02
  0.826447E+02
  0.808749E+02
  0.788858E+02
  0.767470E+02
  0.749715E+02
  0.731974E+02
  0.716250E+02
  0.702780E+02
  0.691257E+02
  0.682838E+02
  0.674950E+02
  0.668586E+02
  0.663687E+02
  0.660594E+02
  0.659122E+02
  0.657731E+02
  0.660745E+02
  0.666211E+02
  0.673044E+02
  0.680343E+02
  0.686901E+02
  0.693288E+02
  0.699511E+02
  0.705787E+02
  0.711911E+02
  0.717579E+02
  0.722604E+02
  0.727237E+02
  0.731532E+02
  0.735793E+02
  0.739883E+02
  0.744000E+02
  0.747663E+02
  0.752972E+02
  0.756496E+02
  0.760012E+02
  0.763518E+02
  0.767025E+02
  0.769875E+02
  0.773417E+02
  0.776447E+02
  0.779504E+02
  0.782589E+02
  0.789461E+02
  0.792161E+02
  0.789348E+02
  0.791995E+02
  0.794603E+02
  0.797235E+02
  0.799378E+02
  0.801468E+02
  0.803529E+02
  0.804700E+02
  0.806451E+02
  0.808152E+02
  0.810234E+02
  0.811751E+02
  0.813282E+02
  0.814829E+02
  0.816392E+02
  0.817932E+02
  0.819396E+02
  0.820269E+02
  0.821630E+02
  0.822684E+02
  0.824365E+02
  0.825446E+02
  0.826537E+02
  0.827641E+02
  0.828757E+02
  0.829884E+02
  0.831024E+02
  0.832170E+02
  0.832610E+02
  0.833700E+02
  0.834795E+02
  0.835696E+02
  0.836600E+02
  0.837514E+02
  0.838147E+02
  0.838773E+02
  0.839405E+02
  0.839951E+02
  0.840496E+02
  0.841047E+02
  0.841604E+02
  0.842168E+02
  0.843435E+02
  0.843315E+02
  0.843899E+02
  0.844490E+02
  0.845087E+02
  0.845692E+02
  0.846240E+02
  0.846690E+02
  0.847146E+02
  0.847606E+02
  0.848072E+02
  0.848545E+02
  0.849023E+02
  0.849508E+02
  0.849993E+02
  0.850481E+02
  0.850969E+02
  0.851419E+02
  0.851875E+02
  0.852311E+02
  0.852746E+02
  0.853169E+02
  0.853584E+02
  0.854002E+02
  0.854420E+02
  0.854826E+02
  0.855217E+02
  0.855613E+02
  0.856015E+02
  0.856422E+02
  0.856836E+02
  0.857256E+02
  0.857682E+02
  0.858115E+02
  0.858554E+02
  0.858999E+02
  0.859447E+02
  0.859886E+02
  0.860298E+02
  0.860717E+02
  0.861141E+02
  0.861573E+02
  0.862004E+02
  0.862391E+02
  0.862778E+02
  0.863172E+02
  0.863573E+02
  0.863979E+02
  0.865359E+02
  0.865776E+02
  0.866198E+02
  0.866618E+02
 -0.389585E+01
  0.218583E+00
  0.217696E+00
  0.216798E+00
  0.215897E+00
  0.215015E+00
  0.213402E+00
  0.210908E+00
  0.207942E+00
  0.203973E+00
  0.202040E+00
  0.206768E+00
  0.219200E+00
  0.237282E+00
  0.261628E+00
  0.289801E+00
  0.321953E+00
  0.357711E+00
  0.396481E+00
  0.437902E+00
  0.481618E+00
  0.525210E+00
  0.568715E+00
  0.610872E+00
  0.649259E+00
  0.683195E+00
  0.710625E+00
  0.726099E+00
  0.729151E+00
  0.725913E+00
  0.722685E+00
  0.719488E+00
  0.716335E+00
  0.713222E+00
  0.710184E+00
  0.707187E+00
  0.704174E+00
  0.701074E+00
  0.697936E+00
  0.694768E+00
  0.691628E+00
  0.688478E+00
  0.685364E+00
  0.682225E+00
  0.679132E+00
  0.676051E+00
  0.672993E+00
  0.669951E+00
  0.666931E+00
  0.663917E+00
  0.660882E+00
  0.657866E+00
  0.654861E+00
  0.651873E+00
  0.648882E+00
  0.645851E+00
  0.642844E+00
  0.639830E+00
  0.636817E+00
  0.633816E+00
  0.630739E+00
  0.627666E+00
  0.624592E+00
  0.621487E+00
  0.618391E+00
  0.615292E+00
  0.612199E+00
  0.609111E+00
  0.606027E+00
  0.602947E+00
  0.599872E+00
  0.596795E+00
  0.593721E+00
  0.590653E+00
  0.587566E+00
  0.584461E+00
  0.581358E+00
  0.578258E+00
  0.575161E+00
  0.572065E+00
  0.568971E+00
  0.565878E+00
  0.562787E+00
  0.559698E+00
  0.556624E+00
  0.553554E+00
  0.550485E+00
  0.547428E+00
  0.544378E+00
  0.541330E+00
  0.538230E+00
  0.535137E+00
  0.532045E+00
  0.528961E+00
  0.525883E+00
  0.522806E+00
  0.519729E+00
  0.516652E+00
  0.513576E+00
  0.510501E+00
  0.507426E+00
  0.504352E+00
  0.501281E+00
  0.498211E+00
  0.495131E+00
  0.492056E+00
  0.488981E+00
  0.485906E+00
  0.482832E+00
  0.479757E+00
  0.476684E+00
  0.473610E+00
  0.470536E+00
  0.467462E+00
  0.464385E+00
  0.461299E+00
  0.458213E+00
  0.455140E+00
  0.452074E+00
  0.449014E+00
  0.445962E+00
  0.442906E+00
  0.439847E+00
  0.436769E+00
  0.433672E+00
  0.430574E+00
  0.427477E+00
  0.424381E+00
  0.421284E+00
  0.418188E+00
  0.415092E+00
  0.411996E+00
  0.408900E+00
  0.405805E+00
  0.402715E+00
  0.399640E+00
  0.396599E+00
  0.393557E+00
  0.390516E+00
  0.387475E+00
  0.384426E+00
  0.381316E+00
  0.378198E+00
  0.375082E+00
  0.371965E+00
  0.368844E+00
  0.365698E+00
  0.362554E+00
  0.359409E+00
  0.356264E+00
  0.391341E-05
